#K-Path     Band-1    Band-2    Band-3    Band-4      ...     Band-n
  0.0000  -15.7255  -14.8965  -14.8307  -14.8303  -14.6830  -14.6829   -5.4777   -4.9903   -4.5558   -4.5516   -4.4954   -4.4884   -4.1784   -4.1748   -4.0925   -3.3440   -3.3406   -3.3365   -2.5005   -2.2359   -2.1918   -2.1867   -1.9365   -1.9339   -1.3364   -0.9805   -0.9801   -0.8510   -0.7326   -0.7313    0.9698    0.9718    1.2645    1.2646    5.1392    5.7825    6.2220    6.7196    6.9120    7.1936    7.1996    8.2674    8.6825    8.6919    8.7811    8.8467    8.8563    8.9796    9.3173    9.5240    9.5269    9.7103    9.7190   10.1298   10.1324   10.1388   10.4483   10.5502   10.5565   11.0815   11.0830   11.1243   11.1247   11.4820
  0.0310  -15.7242  -14.8960  -14.8320  -14.8308  -14.6832  -14.6832   -5.4773   -4.9896   -4.5543   -4.5501   -4.4961   -4.4900   -4.1781   -4.1749   -4.0947   -3.3502   -3.3370   -3.3228   -2.5012   -2.2506   -2.1946   -2.1733   -1.9439   -1.9379   -1.3339   -0.9811   -0.9796   -0.8496   -0.7311   -0.7299    0.9699    0.9721    1.2615    1.2640    5.1458    5.7863    6.2261    6.7279    6.9168    7.1978    7.1991    8.2702    8.6234    8.6624    8.8266    8.8338    8.8633    8.9826    9.3114    9.5404    9.5525    9.7014    9.7099   10.1136   10.1348   10.1357   10.4504   10.5401   10.5507   11.0500   11.0568   11.0888   11.1054   11.3831
  0.0621  -15.7203  -14.8947  -14.8366  -14.8317  -14.6838  -14.6836   -5.4762   -4.9877   -4.5550   -4.5405   -4.5005   -4.4925   -4.1792   -4.1734   -4.1004   -3.3573   -3.3195   -3.3010   -2.5035   -2.2768   -2.2062   -2.1474   -1.9702   -1.9449   -1.3269   -0.9835   -0.9779   -0.8456   -0.7276   -0.7246    0.9702    0.9731    1.2525    1.2626    5.1654    5.7979    6.2384    6.7524    6.9312    7.1977    7.2107    8.2778    8.5258    8.6001    8.7629    8.8520    8.9362    8.9912    9.2933    9.5833    9.6070    9.6830    9.6913   10.0487   10.1416   10.1438   10.4539   10.5110   10.5397   10.9309   10.9677   11.0034   11.0683   11.2252
  0.0931  -15.7138  -14.8925  -14.8442  -14.8331  -14.6849  -14.6844   -5.4742   -4.9847   -4.5573   -4.5241   -4.5092   -4.4941   -4.1832   -4.1697   -4.1075   -3.3622   -3.2918   -3.2725   -2.5082   -2.3047   -2.2249   -2.1195   -2.0122   -1.9552   -1.3157   -0.9879   -0.9758   -0.8392   -0.7227   -0.7153    0.9705    0.9748    1.2381    1.2601    5.1977    5.8168    6.2588    6.7925    6.9551    7.1948    7.2323    8.2861    8.4307    8.5109    8.6740    8.8628    9.0053    9.0099    9.2634    9.5956    9.6433    9.6562    9.7456    9.9538   10.1441   10.1532   10.4496   10.4720   10.5334   10.7333   10.8610   10.8935   11.0157   11.1581
  0.1242  -15.7047  -14.8896  -14.8548  -14.8351  -14.6864  -14.6855   -5.4712   -4.9809   -4.5606   -4.5215   -4.5006   -4.4962   -4.1905   -4.1649   -4.1129   -3.3658   -3.2556   -3.2377   -2.5168   -2.3318   -2.2503   -2.0919   -2.0670   -1.9673   -1.3015   -0.9944   -0.9737   -0.8310   -0.7165   -0.7027    0.9709    0.9772    1.2192    1.2566    5.2420    5.8428    6.2872    6.8466    6.9883    7.1900    7.2634    8.2691    8.3681    8.4060    8.5727    8.8697    9.0247    9.0609    9.2276    9.5402    9.6326    9.7014    9.8391    9.8446   10.1326   10.1596   10.4172   10.4369   10.4980   10.5801   10.7461   10.7814   10.9501   11.0906
  0.1552  -15.6932  -14.8859  -14.8681  -14.8373  -14.6883  -14.6870   -5.4670   -4.9764   -4.5648   -4.5325   -4.4997   -4.4739   -4.2021   -4.1594   -4.1130   -3.3689   -3.2128   -3.1977   -2.5314   -2.3563   -2.2824   -2.1305   -2.0652   -1.9794   -1.2854   -1.0028   -0.9726   -0.8217   -0.7098   -0.6871    0.9714    0.9803    1.1971    1.2521    5.2975    5.8756    6.3237    6.9127    7.0305    7.1822    7.3045    8.1956    8.2928    8.3715    8.4654    8.8609    9.0492    9.0736    9.2037    9.4707    9.6192    9.7373    9.7466    9.9087   10.1186   10.1589   10.2519   10.4125   10.4442   10.5886   10.6290   10.6890   10.8782   11.0071
  0.1862  -15.6793  -14.8842  -14.8815  -14.8398  -14.6905  -14.6889   -5.4616   -4.9716   -4.5698   -4.5419   -4.5049   -4.4438   -4.2179   -4.1531   -4.1059   -3.3719   -3.1655   -3.1539   -2.5541   -2.3766   -2.3236   -2.1953   -2.0412   -1.9891   -1.2691   -1.0122   -0.9727   -0.8121   -0.7030   -0.6692    0.9720    0.9839    1.1730    1.2464    5.3632    5.9147    6.3681    6.9883    7.0810    7.1706    7.3567    8.1092    8.1759    8.3554    8.3983    8.8165    9.0585    9.0784    9.1983    9.3945    9.5904    9.6681    9.7599    9.9002   10.0384   10.1483   10.1523   10.3895   10.4301   10.5245   10.6213   10.6277   10.8068   10.9236
  0.2173  -15.6631  -14.9027  -14.8768  -14.8422  -14.6929  -14.6913   -5.4549   -4.9665   -4.5756   -4.5482   -4.5118   -4.4120   -4.2368   -4.1459   -4.0914   -3.3755   -3.1154   -3.1084   -2.5861   -2.3917   -2.3784   -2.2523   -2.0238   -1.9915   -1.2543   -1.0215   -0.9744   -0.8026   -0.6969   -0.6499    0.9728    0.9877    1.1486    1.2397    5.4382    5.9597    6.4204    7.0701    7.1338    7.1590    7.4213    8.0278    8.0578    8.2449    8.4294    8.7315    9.0409    9.1116    9.1951    9.3156    9.5249    9.6563    9.7110    9.8320    9.8548   10.1286   10.2130   10.3348   10.4216   10.4625   10.6000   10.6593   10.7392   10.8354
  0.2483  -15.6447  -14.9235  -14.8720  -14.8441  -14.6956  -14.6943   -5.4473   -4.9614   -4.5822   -4.5502   -4.5197   -4.3805   -4.2576   -4.1370   -4.0698   -3.3800   -3.0647   -3.0637   -2.6268   -2.4486   -2.4009   -2.2953   -2.0186   -1.9809   -1.2428   -1.0292   -0.9777   -0.7936   -0.6920   -0.6300    0.9738    0.9911    1.1254    1.2320    5.5213    6.0105    6.4803    7.1240    7.1551    7.2095    7.4992    7.9404    7.9566    8.1351    8.4475    8.6345    9.0125    9.1469    9.1899    9.2373    9.4707    9.5936    9.6054    9.6979    9.8102   10.1025   10.2390   10.2610   10.4051   10.4460   10.5961   10.6696   10.6963   10.7550
  0.2794  -15.6244  -14.9465  -14.8680  -14.8446  -14.6984  -14.6977   -5.4390   -4.9558   -4.5896   -4.5473   -4.5280   -4.3510   -4.2793   -4.1256   -4.0417   -3.3862   -3.0244   -3.0147   -2.6745   -2.5250   -2.4059   -2.3264   -2.0183   -1.9649   -1.2362   -1.0340   -0.9825   -0.7852   -0.6885   -0.6102    0.9750    0.9932    1.1054    1.2234    5.6118    6.0666    6.5478    7.0913    7.2409    7.2803    7.5903    7.8250    7.8982    8.0270    8.3955    8.5961    8.9641    9.1529    9.1734    9.1901    9.4022    9.4722    9.4807    9.6785    9.7527   10.0717   10.1568   10.2540   10.3622   10.4433   10.6020   10.6163   10.6553   10.6873
  0.3104  -15.6022  -14.9712  -14.8659  -14.8427  -14.7020  -14.7011   -5.4306   -4.9496   -4.5977   -4.5394   -4.5358   -4.3257   -4.3014   -4.1106   -4.0077   -3.3949   -2.9958   -2.9686   -2.7266   -2.5969   -2.4065   -2.3488   -2.0168   -1.9504   -1.2357   -1.0348   -0.9884   -0.7773   -0.6869   -0.5913    0.9764    0.9922    1.0910    1.2140    5.7088    6.1279    6.6227    7.0497    7.3262    7.3548    7.6865    7.7194    7.8528    7.9214    8.2756    8.6242    8.9008    9.0842    9.0940    9.2071    9.3047    9.3660    9.4588    9.6635    9.6827   10.0330   10.0751   10.2221   10.2915   10.4310   10.5626   10.6000   10.6132   10.6294
  0.3414  -15.5786  -14.9975  -14.8660  -14.8379  -14.7067  -14.7039   -5.4226   -4.9422   -4.6065   -4.5426   -4.5266   -4.3232   -4.3059   -4.0909   -3.9685   -3.4073   -2.9872   -2.9314   -2.7780   -2.6518   -2.4025   -2.3636   -2.0133   -1.9393   -1.2408   -1.0318   -0.9950   -0.7700   -0.6870   -0.5737    0.9781    0.9868    1.0839    1.2041    5.8114    6.1941    6.7048    7.0012    7.4107    7.4285    7.6014    7.8073    7.8152    7.8203    8.1484    8.6691    8.8312    8.9380    9.0177    9.1542    9.2746    9.3226    9.4701    9.6092    9.6454    9.9774   10.0021   10.1703   10.2186   10.4025   10.5143   10.5596   10.5838   10.6122
  0.3725  -15.5536  -15.0248  -14.8675  -14.8312  -14.7120  -14.7066   -5.4153   -4.9333   -4.6155   -4.5478   -4.5100   -4.3445   -4.2923   -4.0661   -3.9251   -3.4248   -3.0060   -2.9187   -2.8131   -2.6797   -2.3937   -2.3715   -2.0083   -1.9324   -1.2505   -1.0260   -1.0020   -0.7632   -0.6888   -0.5579    0.9774    0.9801    1.0838    1.1940    5.9193    6.2648    6.7937    6.9489    7.4829    7.4951    7.5095    7.7217    7.7667    7.9268    8.0517    8.7110    8.7473    8.7830    8.9560    9.0414    9.2608    9.3301    9.4878    9.5496    9.6290    9.9000    9.9383   10.1063   10.1670   10.3614   10.4726   10.5105   10.5607   10.5984
  0.4035  -15.5279  -15.0529  -14.8695  -14.8235  -14.7178  -14.7091   -5.4093   -4.9230   -4.6243   -4.5513   -4.4903   -4.3647   -4.2845   -4.0366   -3.8782   -3.4493   -3.0470   -2.9514   -2.8107   -2.6831   -2.3798   -2.3730   -2.0024   -1.9299   -1.2628   -1.0189   -1.0087   -0.7569   -0.6920   -0.5441    0.9661    0.9823    1.0885    1.1839    6.0319    6.3399    6.8809    6.9046    7.3958    7.5421    7.5699    7.6426    7.6848    8.0220    8.0468    8.5736    8.7060    8.7659    8.8882    8.9343    9.2401    9.3141    9.5039    9.5303    9.6197    9.8137    9.8835   10.0356   10.1377   10.3122   10.4370   10.4629   10.5426   10.5800
  0.4346  -15.5019  -15.0809  -14.8715  -14.8151  -14.7242  -14.7114   -5.4045   -4.9115   -4.6325   -4.5532   -4.4689   -4.3834   -4.2814   -4.0027   -3.8290   -3.4827   -3.0954   -3.0069   -2.7927   -2.6735   -2.3698   -2.3607   -1.9963   -1.9318   -1.2761   -1.0149   -1.0115   -0.7509   -0.6964   -0.5325    0.9547    0.9846    1.0956    1.1743    6.1488    6.4188    6.8427    6.9951    7.3018    7.5087    7.5272    7.6323    7.6872    8.0559    8.1637    8.4014    8.6495    8.7839    8.8022    8.8733    9.2022    9.2673    9.5158    9.5525    9.6191    9.7389    9.8374    9.9628   10.1219   10.2574   10.4072   10.4192   10.5269   10.5610
  0.4656  -15.4765  -15.1081  -14.8734  -14.8065  -14.7310  -14.7133   -5.4010   -4.8997   -4.6397   -4.5538   -4.4473   -4.4001   -4.2817   -3.9649   -3.7792   -3.5261   -3.1395   -3.0665   -2.7755   -2.6601   -2.3628   -2.3388   -1.9909   -1.9372   -1.2889   -1.0201   -1.0048   -0.7453   -0.7016   -0.5230    0.9445    0.9869    1.1035    1.1655    6.2699    6.5012    6.7977    7.1045    7.2114    7.3815    7.4519    7.6464    7.7762    8.1266    8.2342    8.2716    8.6019    8.6732    8.8266    8.8308    9.1436    9.2166    9.5264    9.5878    9.6221    9.6899    9.8014    9.8942   10.1139   10.1983   10.3818   10.3830   10.5082   10.5445
  0.4967  -15.4528  -15.1332  -14.8749  -14.7980  -14.7380  -14.7149   -5.3987   -4.8887   -4.6455   -4.5534   -4.4272   -4.4142   -4.2842   -3.9231   -3.7311   -3.5781   -3.1736   -3.1235   -2.7624   -2.6474   -2.3546   -2.3160   -1.9870   -1.9446   -1.3000   -1.0242   -0.9993   -0.7400   -0.7071   -0.5157    0.9362    0.9891    1.1108    1.1580    6.3946    6.5863    6.7603    7.1236    7.2178    7.2417    7.3868    7.6628    7.8698    8.0703    8.2199    8.3576    8.5648    8.5772    8.7901    8.8317    9.0736    9.1794    9.5388    9.6092    9.6220    9.6693    9.7818    9.8415   10.1110   10.1360   10.3524   10.3646   10.4811   10.5320
  0.5277  -15.4327  -15.1543  -14.8761  -14.7900  -14.7449  -14.7160   -5.3973   -4.8797   -4.6498   -4.5525   -4.4250   -4.4104   -4.2876   -3.8776   -3.6888   -3.6352   -3.1969   -3.1727   -2.7537   -2.6374   -2.3471   -2.2956   -1.9852   -1.9516   -1.3085   -1.0271   -0.9953   -0.7348   -0.7127   -0.5105    0.9301    0.9909    1.1167    1.1523    6.5217    6.6732    6.7332    7.0365    7.0943    7.3371    7.3440    7.6737    7.9165    7.9646    8.3166    8.3731    8.5413    8.5440    8.7475    8.8018    9.0164    9.1615    9.5516    9.5972    9.6215    9.6646    9.7752    9.8290   10.0727   10.1116   10.3315   10.3530   10.4469   10.5238
  0.5587  -15.4188  -15.1689  -14.8768  -14.7835  -14.7507  -14.7167   -5.3965   -4.8738   -4.6524   -4.5516   -4.4320   -4.3991   -4.2906   -3.8305   -3.6912   -3.6583   -3.2101   -3.2075   -2.7487   -2.6312   -2.3419   -2.2811   -1.9856   -1.9560   -1.3138   -1.0288   -0.9929   -0.7298   -0.7181   -0.5074    0.9264    0.9921    1.1205    1.1486    6.6436    6.7227    6.7600    6.9504    6.9555    7.3063    7.4712    7.6746    7.7757    8.0549    8.3058    8.3989    8.5407    8.5892    8.7000    8.7372    8.9890    9.1591    9.5606    9.5692    9.6258    9.6620    9.7632    9.8632   10.0128   10.1139   10.3190   10.3493   10.4155   10.5192
  0.5898  -15.4137  -15.1741  -14.8770  -14.7807  -14.7533  -14.7169   -5.3963   -4.8717   -4.6533   -4.5513   -4.4343   -4.3951   -4.2918   -3.8005   -3.7245   -3.6469   -3.2204   -3.2144   -2.7471   -2.6290   -2.3400   -2.2759   -1.9862   -1.9574   -1.3156   -1.0294   -0.9921   -0.7264   -0.7217   -0.5064    0.9251    0.9925    1.1218    1.1474    6.6902    6.7649    6.8236    6.8574    6.8870    7.2959    7.5780    7.6277    7.7116    8.1072    8.2561    8.4300    8.5589    8.6432    8.6502    8.6906    8.9823    9.1605    9.5557    9.5636    9.6294    9.6601    9.7583    9.8922    9.9780   10.1151   10.3148   10.3501   10.4015   10.5178
  0.5898  -15.4137  -15.1740  -14.8772  -14.7806  -14.7533  -14.7170   -5.3963   -4.8716   -4.6534   -4.5512   -4.4343   -4.3952   -4.2916   -3.8006   -3.7247   -3.6469   -3.2202   -3.2144   -2.7473   -2.6288   -2.3399   -2.2759   -1.9862   -1.9576   -1.3155   -1.0292   -0.9922   -0.7264   -0.7215   -0.5065    0.9252    0.9925    1.1218    1.1474    6.6904    6.7651    6.8237    6.8574    6.8871    7.2960    7.5781    7.6279    7.7116    8.1073    8.2563    8.4302    8.5590    8.6431    8.6500    8.6906    8.9822    9.1606    9.5557    9.5632    9.6294    9.6596    9.7580    9.8923    9.9782   10.1147   10.3144   10.3496   10.4014   10.5175
  0.6208  -15.4188  -15.1687  -14.8770  -14.7834  -14.7507  -14.7168   -5.3965   -4.8737   -4.6526   -4.5515   -4.4319   -4.3992   -4.2904   -3.8307   -3.6913   -3.6583   -3.2101   -3.2074   -2.7489   -2.6310   -2.3418   -2.2811   -1.9856   -1.9562   -1.3137   -1.0286   -0.9931   -0.7298   -0.7180   -0.5076    0.9264    0.9920    1.1205    1.1486    6.6438    6.7229    6.7600    6.9505    6.9555    7.3065    7.4713    7.6746    7.7758    8.0550    8.3059    8.3991    8.5407    8.5890    8.6999    8.7373    8.9889    9.1592    9.5602    9.5692    9.6257    9.6616    9.7629    9.8633   10.0129   10.1135   10.3185   10.3489   10.4154   10.5191
  0.6519  -15.4327  -15.1541  -14.8763  -14.7900  -14.7448  -14.7161   -5.3973   -4.8796   -4.6499   -4.5524   -4.4250   -4.4105   -4.2874   -3.8778   -3.6889   -3.6353   -3.1968   -3.1726   -2.7539   -2.6372   -2.3470   -2.2956   -1.9853   -1.9518   -1.3084   -1.0269   -0.9955   -0.7347   -0.7127   -0.5106    0.9302    0.9909    1.1167    1.1523    6.5218    6.6733    6.7334    7.0366    7.0944    7.3373    7.3441    7.6736    7.9167    7.9647    8.3168    8.3732    8.5413    8.5438    8.7474    8.8020    9.0163    9.1617    9.5513    9.5972    9.6214    9.6641    9.7748    9.8291   10.0728   10.1113   10.3310   10.3526   10.4468   10.5237
  0.6829  -15.4528  -15.1330  -14.8751  -14.7980  -14.7379  -14.7150   -5.3987   -4.8886   -4.6457   -4.5533   -4.4273   -4.4141   -4.2840   -3.9233   -3.7312   -3.5782   -3.1736   -3.1233   -2.7626   -2.6472   -2.3545   -2.3160   -1.9870   -1.9448   -1.2999   -1.0240   -0.9995   -0.7399   -0.7070   -0.5158    0.9363    0.9891    1.1108    1.1580    6.3947    6.5864    6.7605    7.1237    7.2179    7.2418    7.3869    7.6627    7.8698    8.0705    8.2201    8.3575    8.5648    8.5773    8.7899    8.8318    9.0735    9.1795    9.5386    9.6092    9.6217    9.6690    9.7815    9.8415   10.1107   10.1361   10.3520   10.3642   10.4809   10.5318
  0.7139  -15.4765  -15.1079  -14.8736  -14.8065  -14.7309  -14.7134   -5.4010   -4.8996   -4.6398   -4.5537   -4.4474   -4.4000   -4.2815   -3.9651   -3.7792   -3.5261   -3.1395   -3.0663   -2.7757   -2.6599   -2.3628   -2.3389   -1.9910   -1.9373   -1.2888   -1.0199   -1.0050   -0.7452   -0.7015   -0.5231    0.9446    0.9869    1.1034    1.1655    6.2700    6.5013    6.7979    7.1046    7.2116    7.3816    7.4521    7.6463    7.7762    8.1268    8.2344    8.2715    8.6019    8.6734    8.8268    8.8307    9.1435    9.2168    9.5262    9.5878    9.6217    9.6897    9.8011    9.8942   10.1137   10.1983   10.3814   10.3827   10.5080   10.5442
  0.7450  -15.5019  -15.0807  -14.8717  -14.8151  -14.7241  -14.7115   -5.4045   -4.9114   -4.6327   -4.5531   -4.4690   -4.3833   -4.2812   -4.0029   -3.8290   -3.4827   -3.0954   -3.0067   -2.7929   -2.6733   -2.3698   -2.3608   -1.9964   -1.9319   -1.2761   -1.0147   -1.0116   -0.7509   -0.6964   -0.5326    0.9548    0.9845    1.0956    1.1743    6.1489    6.4189    6.8429    6.9952    7.3019    7.5088    7.5274    7.6323    7.6872    8.0560    8.1635    8.4016    8.6496    8.7841    8.8024    8.8732    9.2021    9.2675    9.5156    9.5525    9.6187    9.7388    9.8371    9.9628   10.1217   10.2575   10.4069   10.4188   10.5266   10.5607
  0.7760  -15.5279  -15.0527  -14.8697  -14.8234  -14.7178  -14.7092   -5.4093   -4.9229   -4.6245   -4.5512   -4.4903   -4.3646   -4.2844   -4.0368   -3.8782   -3.4492   -3.0470   -2.9512   -2.8109   -2.6829   -2.3798   -2.3730   -2.0025   -1.9300   -1.2628   -1.0190   -1.0086   -0.7568   -0.6920   -0.5443    0.9661    0.9822    1.0884    1.1839    6.0319    6.3399    6.8810    6.9047    7.3960    7.5420    7.5700    7.6427    7.6848    8.0221    8.0467    8.5739    8.7060    8.7660    8.8883    8.9343    9.2399    9.3142    9.5037    9.5303    9.6193    9.8136    9.8831   10.0356   10.1375   10.3122   10.4367   10.4625   10.5423   10.5798
  0.8071  -15.5536  -15.0247  -14.8677  -14.8312  -14.7119  -14.7067   -5.4154   -4.9332   -4.6156   -4.5477   -4.5100   -4.3444   -4.2922   -4.0663   -3.9251   -3.4247   -3.0060   -2.9185   -2.8132   -2.6796   -2.3937   -2.3715   -2.0085   -1.9324   -1.2505   -1.0261   -1.0019   -0.7632   -0.6887   -0.5580    0.9775    0.9801    1.0837    1.1940    5.9193    6.2649    6.7938    6.9491    7.4829    7.4951    7.5096    7.7219    7.7668    7.9267    8.0519    8.7111    8.7475    8.7831    8.9559    9.0416    9.2606    9.3301    9.4876    9.5496    9.6287    9.8999    9.9381   10.1063   10.1670   10.3614   10.4723   10.5102   10.5604   10.5982
  0.8381  -15.5785  -14.9973  -14.8662  -14.8379  -14.7066  -14.7040   -5.4226   -4.9421   -4.6066   -4.5426   -4.5266   -4.3231   -4.3058   -4.0911   -3.9686   -3.4072   -2.9872   -2.9313   -2.7780   -2.6517   -2.4026   -2.3636   -2.0135   -1.9393   -1.2409   -1.0319   -0.9949   -0.7700   -0.6869   -0.5738    0.9781    0.9869    1.0838    1.2042    5.8115    6.1941    6.7048    7.0014    7.4108    7.4285    7.6016    7.8074    7.8152    7.8204    8.1486    8.6692    8.8313    8.9383    9.0176    9.1544    9.2745    9.3226    9.4699    9.6093    9.6453    9.9773   10.0019   10.1703   10.2186   10.4025   10.5141   10.5592   10.5834   10.6121
  0.8692  -15.6022  -14.9711  -14.8660  -14.8428  -14.7020  -14.7011   -5.4307   -4.9495   -4.5978   -4.5394   -4.5358   -4.3256   -4.3013   -4.1108   -4.0077   -3.3948   -2.9958   -2.9687   -2.7265   -2.5968   -2.4065   -2.3487   -2.0170   -1.9504   -1.2357   -1.0348   -0.9883   -0.7773   -0.6868   -0.5914    0.9764    0.9922    1.0909    1.2140    5.7088    6.1279    6.6227    7.0498    7.3262    7.3547    7.6865    7.7196    7.8528    7.9215    8.2758    8.6243    8.9009    9.0840    9.0941    9.2072    9.3047    9.3662    9.4586    9.6635    9.6827   10.0330   10.0749   10.2221   10.2914   10.4311   10.5626   10.6003   10.6128   10.6306
  0.9002  -15.6244  -14.9463  -14.8680  -14.8447  -14.6985  -14.6977   -5.4391   -4.9558   -4.5896   -4.5472   -4.5281   -4.3510   -4.2792   -4.1258   -4.0417   -3.3861   -3.0244   -3.0147   -2.6744   -2.5249   -2.4059   -2.3264   -2.0185   -1.9649   -1.2363   -1.0340   -0.9824   -0.7851   -0.6885   -0.6103    0.9749    0.9932    1.1053    1.2234    5.6119    6.0666    6.5478    7.0914    7.2409    7.2803    7.5903    7.8251    7.8983    8.0271    8.3957    8.5963    8.9640    9.1528    9.1733    9.1901    9.4023    9.4721    9.4809    9.6786    9.7527   10.0717   10.1567   10.2541   10.3621   10.4434   10.6019   10.6158   10.6549   10.6815
  0.9312  -15.6447  -14.9234  -14.8720  -14.8442  -14.6957  -14.6942   -5.4473   -4.9613   -4.5822   -4.5501   -4.5198   -4.3804   -4.2575   -4.1372   -4.0698   -3.3799   -3.0648   -3.0637   -2.6267   -2.4486   -2.4009   -2.2952   -2.0189   -1.9808   -1.2428   -1.0292   -0.9776   -0.7936   -0.6919   -0.6301    0.9737    0.9912    1.1253    1.2320    5.5214    6.0105    6.4803    7.1241    7.1551    7.2095    7.4992    7.9405    7.9567    8.1352    8.4475    8.6348    9.0124    9.1469    9.1899    9.2372    9.4706    9.5940    9.6057    9.6981    9.8101   10.1025   10.2389   10.2611   10.4049   10.4461   10.5960   10.6700   10.6958   10.7555
  0.9623  -15.6631  -14.9025  -14.8768  -14.8423  -14.6930  -14.6912   -5.4549   -4.9665   -4.5756   -4.5481   -4.5119   -4.4120   -4.2367   -4.1461   -4.0914   -3.3753   -3.1155   -3.1084   -2.5860   -2.3917   -2.3784   -2.2522   -2.0241   -1.9915   -1.2543   -1.0215   -0.9743   -0.8026   -0.6969   -0.6500    0.9727    0.9877    1.1485    1.2398    5.4382    5.9597    6.4204    7.0701    7.1338    7.1590    7.4213    8.0279    8.0580    8.2450    8.4294    8.7318    9.0406    9.1117    9.1951    9.3154    9.5248    9.6566    9.7111    9.8323    9.8549   10.1286   10.2132   10.3350   10.4213   10.4624   10.5996   10.6593   10.7392   10.8369
  0.9933  -15.6793  -14.8840  -14.8815  -14.8399  -14.6905  -14.6888   -5.4616   -4.9715   -4.5698   -4.5418   -4.5051   -4.4438   -4.2178   -4.1533   -4.1060   -3.3718   -3.1656   -3.1539   -2.5540   -2.3765   -2.3236   -2.1952   -2.0413   -1.9892   -1.2692   -1.0122   -0.9726   -0.8121   -0.7030   -0.6693    0.9720    0.9839    1.1730    1.2465    5.3632    5.9147    6.3681    6.9883    7.0810    7.1707    7.3567    8.1092    8.1760    8.3556    8.3983    8.8167    9.0582    9.0785    9.1983    9.3943    9.5904    9.6684    9.7597    9.9004   10.0388   10.1484   10.1526   10.3897   10.4297   10.5243   10.6213   10.6273   10.8064   10.9213
  1.0244  -15.6932  -14.8859  -14.8680  -14.8375  -14.6883  -14.6869   -5.4670   -4.9764   -4.5647   -4.5323   -4.4999   -4.4739   -4.2019   -4.1596   -4.1130   -3.3688   -3.2130   -3.1977   -2.5314   -2.3563   -2.2825   -2.1303   -2.0652   -1.9795   -1.2855   -1.0028   -0.9725   -0.8217   -0.7097   -0.6872    0.9714    0.9803    1.1971    1.2521    5.2975    5.8756    6.3237    6.9127    7.0306    7.1822    7.3045    8.1957    8.2929    8.3715    8.4656    8.8609    9.0492    9.0734    9.2037    9.4705    9.6193    9.7375    9.7464    9.9089   10.1190   10.1588   10.2522   10.4125   10.4440   10.5887   10.6288   10.6887   10.8779   11.0071
  1.0554  -15.7047  -14.8896  -14.8546  -14.8352  -14.6865  -14.6854   -5.4712   -4.9809   -4.5605   -4.5213   -4.5007   -4.4964   -4.1903   -4.1651   -4.1129   -3.3657   -3.2557   -3.2377   -2.5168   -2.3318   -2.2504   -2.0919   -2.0669   -1.9674   -1.3015   -0.9944   -0.9737   -0.8310   -0.7165   -0.7028    0.9709    0.9773    1.2192    1.2567    5.2420    5.8429    6.2872    6.8466    6.9883    7.1900    7.2634    8.2692    8.3682    8.4061    8.5729    8.8696    9.0247    9.0607    9.2276    9.5400    9.6329    9.7012    9.8393    9.8447   10.1330   10.1595   10.4173   10.4366   10.4982   10.5803   10.7459   10.7813   10.9496   11.0841
  1.0865  -15.7138  -14.8925  -14.8441  -14.8333  -14.6850  -14.6843   -5.4742   -4.9847   -4.5572   -4.5242   -4.5091   -4.4943   -4.1830   -4.1699   -4.1075   -3.3621   -3.2919   -3.2725   -2.5082   -2.3047   -2.2250   -2.1195   -2.0121   -1.9553   -1.3157   -0.9879   -0.9757   -0.8392   -0.7226   -0.7154    0.9705    0.9748    1.2381    1.2602    5.1977    5.8168    6.2588    6.7925    6.9551    7.1948    7.2323    8.2861    8.4308    8.5109    8.6742    8.8626    9.0053    9.0098    9.2635    9.5954    9.6433    9.6564    9.7456    9.9540   10.1443   10.1530   10.4496   10.4717   10.5335   10.7338   10.8609   10.8936   11.0155   11.1581
  1.1175  -15.7203  -14.8947  -14.8364  -14.8318  -14.6839  -14.6835   -5.4762   -4.9877   -4.5548   -4.5406   -4.5003   -4.4927   -4.1790   -4.1736   -4.1004   -3.3572   -3.3197   -3.3010   -2.5035   -2.2768   -2.2062   -2.1473   -1.9700   -1.9451   -1.3269   -0.9835   -0.9779   -0.8456   -0.7275   -0.7247    0.9702    0.9731    1.2525    1.2626    5.1654    5.7979    6.2384    6.7524    6.9312    7.1977    7.2107    8.2778    8.5259    8.6000    8.7633    8.8518    8.9360    8.9912    9.2933    9.5831    9.6072    9.6833    9.6910   10.0490   10.1416   10.1436   10.4539   10.5107   10.5398   10.9313   10.9676   11.0035   11.0682   11.2248
  1.1485  -15.7242  -14.8960  -14.8319  -14.8309  -14.6832  -14.6831   -5.4773   -4.9896   -4.5542   -4.5502   -4.4961   -4.4901   -4.1780   -4.1750   -4.0947   -3.3501   -3.3372   -3.3228   -2.5012   -2.2505   -2.1947   -2.1733   -1.9437   -1.9381   -1.3339   -0.9812   -0.9796   -0.8496   -0.7310   -0.7299    0.9699    0.9721    1.2615    1.2641    5.1458    5.7863    6.2261    6.7279    6.9168    7.1978    7.1991    8.2702    8.6235    8.6623    8.8271    8.8338    8.8628    8.9826    9.3114    9.5404    9.5525    9.7014    9.7099   10.1140   10.1345   10.1357   10.4504   10.5399   10.5508   11.0500   11.0570   11.0889   11.1053   11.3425
  1.1796  -15.7255  -14.8965  -14.8307  -14.8303  -14.6830  -14.6829   -5.4777   -4.9903   -4.5558   -4.5516   -4.4954   -4.4884   -4.1784   -4.1748   -4.0925   -3.3440   -3.3406   -3.3365   -2.5005   -2.2359   -2.1918   -2.1867   -1.9365   -1.9339   -1.3364   -0.9805   -0.9801   -0.8510   -0.7326   -0.7313    0.9698    0.9718    1.2645    1.2646    5.1392    5.7825    6.2220    6.7196    6.9120    7.1936    7.1996    8.2674    8.6825    8.6919    8.7811    8.8467    8.8563    8.9796    9.3173    9.5240    9.5269    9.7103    9.7190   10.1298   10.1324   10.1388   10.4483   10.5502   10.5565   11.0815   11.0830   11.1242   11.1247   11.4851
  1.1796  -15.7255  -14.8965  -14.8307  -14.8303  -14.6830  -14.6829   -5.4777   -4.9903   -4.5558   -4.5516   -4.4954   -4.4884   -4.1784   -4.1748   -4.0925   -3.3440   -3.3406   -3.3365   -2.5005   -2.2359   -2.1918   -2.1867   -1.9365   -1.9339   -1.3364   -0.9805   -0.9801   -0.8510   -0.7326   -0.7313    0.9698    0.9718    1.2645    1.2646    5.1392    5.7825    6.2220    6.7196    6.9120    7.1936    7.1996    8.2674    8.6825    8.6919    8.7811    8.8467    8.8563    8.9796    9.3173    9.5240    9.5269    9.7103    9.7190   10.1298   10.1324   10.1388   10.4483   10.5502   10.5565   11.0815   11.0830   11.1243   11.1247   11.4845
  1.1868  -15.7255  -14.8965  -14.8307  -14.8303  -14.6830  -14.6829   -5.4777   -4.9903   -4.5558   -4.5516   -4.4954   -4.4884   -4.1784   -4.1748   -4.0925   -3.3440   -3.3406   -3.3365   -2.5005   -2.2359   -2.1918   -2.1867   -1.9365   -1.9339   -1.3364   -0.9805   -0.9801   -0.8510   -0.7326   -0.7313    0.9698    0.9718    1.2645    1.2646    5.1392    5.7823    6.2227    6.7190    6.9102    7.1962    7.1996    8.2653    8.6825    8.6919    8.7811    8.8467    8.8563    8.9814    9.3176    9.5240    9.5269    9.7103    9.7190   10.1298   10.1324   10.1388   10.4464   10.5502   10.5565   11.0816   11.0830   11.1242   11.1246   11.4831
  1.1941  -15.7255  -14.8965  -14.8307  -14.8303  -14.6830  -14.6829   -5.4777   -4.9903   -4.5558   -4.5516   -4.4954   -4.4884   -4.1784   -4.1748   -4.0925   -3.3440   -3.3406   -3.3365   -2.5005   -2.2359   -2.1918   -2.1867   -1.9365   -1.9339   -1.3364   -0.9805   -0.9801   -0.8510   -0.7326   -0.7313    0.9698    0.9718    1.2645    1.2646    5.1392    5.7818    6.2246    6.7171    6.9053    7.1996    7.2040    8.2591    8.6825    8.6919    8.7811    8.8467    8.8563    8.9867    9.3186    9.5240    9.5269    9.7103    9.7190   10.1298   10.1324   10.1388   10.4406   10.5502   10.5565   11.0817   11.0832   11.1241   11.1245   11.4776
  1.2013  -15.7255  -14.8965  -14.8307  -14.8303  -14.6830  -14.6829   -5.4777   -4.9903   -4.5558   -4.5516   -4.4954   -4.4884   -4.1784   -4.1748   -4.0925   -3.3440   -3.3406   -3.3365   -2.5005   -2.2359   -2.1918   -2.1867   -1.9365   -1.9339   -1.3364   -0.9805   -0.9801   -0.8510   -0.7326   -0.7313    0.9698    0.9718    1.2645    1.2646    5.1392    5.7811    6.2277    6.7138    6.8978    7.1996    7.2163    8.2490    8.6825    8.6919    8.7811    8.8467    8.8563    8.9953    9.3201    9.5240    9.5269    9.7103    9.7190   10.1298   10.1324   10.1388   10.4313   10.5502   10.5565   11.0819   11.0834   11.1240   11.1243   11.4725
  1.2086  -15.7255  -14.8965  -14.8307  -14.8303  -14.6830  -14.6829   -5.4777   -4.9903   -4.5558   -4.5516   -4.4954   -4.4884   -4.1784   -4.1748   -4.0925   -3.3440   -3.3406   -3.3365   -2.5005   -2.2359   -2.1918   -2.1867   -1.9365   -1.9339   -1.3364   -0.9805   -0.9801   -0.8510   -0.7326   -0.7313    0.9698    0.9718    1.2645    1.2646    5.1393    5.7801    6.2320    6.7091    6.8887    7.1996    7.2322    8.2355    8.6825    8.6919    8.7811    8.8467    8.8563    9.0066    9.3224    9.5240    9.5268    9.7103    9.7191   10.1298   10.1324   10.1388   10.4186   10.5502   10.5565   11.0823   11.0837   11.1237   11.1241   11.4680
  1.2158  -15.7255  -14.8965  -14.8307  -14.8303  -14.6830  -14.6829   -5.4777   -4.9903   -4.5558   -4.5516   -4.4954   -4.4884   -4.1784   -4.1748   -4.0925   -3.3440   -3.3406   -3.3365   -2.5005   -2.2359   -2.1918   -2.1867   -1.9365   -1.9339   -1.3364   -0.9805   -0.9801   -0.8510   -0.7326   -0.7313    0.9698    0.9718    1.2645    1.2646    5.1393    5.7788    6.2374    6.7029    6.8788    7.1996    7.2509    8.2189    8.6825    8.6919    8.7811    8.8467    8.8563    9.0201    9.3255    9.5240    9.5268    9.7103    9.7191   10.1299   10.1324   10.1388   10.4030   10.5502   10.5565   11.0827   11.0841   11.1234   11.1238   11.4628
  1.2231  -15.7255  -14.8965  -14.8307  -14.8303  -14.6830  -14.6829   -5.4777   -4.9903   -4.5558   -4.5516   -4.4954   -4.4884   -4.1784   -4.1748   -4.0925   -3.3440   -3.3406   -3.3365   -2.5005   -2.2359   -2.1918   -2.1867   -1.9365   -1.9339   -1.3364   -0.9805   -0.9801   -0.8510   -0.7326   -0.7313    0.9698    0.9718    1.2645    1.2646    5.1394    5.7774    6.2439    6.6951    6.8689    7.1996    7.2718    8.1998    8.6824    8.6918    8.7811    8.8467    8.8563    9.0353    9.3294    9.5239    9.5268    9.7103    9.7191   10.1299   10.1324   10.1388   10.3849   10.5502   10.5565   11.0832   11.0845   11.1230   11.1234   11.4572
  1.2303  -15.7255  -14.8965  -14.8307  -14.8303  -14.6830  -14.6829   -5.4777   -4.9903   -4.5558   -4.5516   -4.4954   -4.4884   -4.1784   -4.1748   -4.0925   -3.3440   -3.3406   -3.3365   -2.5005   -2.2359   -2.1918   -2.1867   -1.9365   -1.9339   -1.3364   -0.9805   -0.9801   -0.8510   -0.7326   -0.7313    0.9698    0.9718    1.2645    1.2646    5.1395    5.7758    6.2514    6.6857    6.8596    7.1996    7.2942    8.1787    8.6824    8.6918    8.7811    8.8467    8.8563    9.0514    9.3342    9.5239    9.5268    9.7103    9.7191   10.1299   10.1324   10.1389   10.3648   10.5502   10.5565   11.0837   11.0850   11.1226   11.1230   11.4525
  1.2376  -15.7255  -14.8965  -14.8307  -14.8303  -14.6830  -14.6829   -5.4777   -4.9903   -4.5558   -4.5516   -4.4954   -4.4884   -4.1784   -4.1748   -4.0925   -3.3440   -3.3406   -3.3365   -2.5005   -2.2359   -2.1918   -2.1867   -1.9365   -1.9339   -1.3364   -0.9805   -0.9801   -0.8510   -0.7326   -0.7313    0.9698    0.9718    1.2645    1.2646    5.1396    5.7741    6.2598    6.6748    6.8513    7.1996    7.3176    8.1561    8.6825    8.6918    8.7811    8.8467    8.8563    9.0678    9.3400    9.5239    9.5267    9.7103    9.7191   10.1299   10.1324   10.1389   10.3432   10.5502   10.5565   11.0843   11.0855   11.1222   11.1225   11.4470
  1.2448  -15.7255  -14.8965  -14.8307  -14.8303  -14.6830  -14.6829   -5.4777   -4.9903   -4.5558   -4.5516   -4.4954   -4.4884   -4.1784   -4.1748   -4.0925   -3.3440   -3.3406   -3.3365   -2.5005   -2.2359   -2.1918   -2.1867   -1.9365   -1.9339   -1.3364   -0.9805   -0.9801   -0.8510   -0.7326   -0.7313    0.9698    0.9718    1.2645    1.2646    5.1397    5.7723    6.2689    6.6625    6.8440    7.1996    7.3417    8.1324    8.6825    8.6919    8.7811    8.8467    8.8563    9.0840    9.3470    9.5239    9.5267    9.7103    9.7191   10.1299   10.1325   10.1389   10.3207   10.5503   10.5565   11.0850   11.0861   11.1217   11.1220   11.4423
  1.2520  -15.7255  -14.8965  -14.8307  -14.8303  -14.6830  -14.6829   -5.4777   -4.9903   -4.5558   -4.5516   -4.4954   -4.4884   -4.1784   -4.1748   -4.0925   -3.3440   -3.3406   -3.3365   -2.5005   -2.2359   -2.1918   -2.1867   -1.9365   -1.9339   -1.3364   -0.9805   -0.9801   -0.8510   -0.7326   -0.7313    0.9698    0.9718    1.2645    1.2646    5.1398    5.7706    6.2787    6.6492    6.8379    7.1996    7.3660    8.1082    8.6825    8.6918    8.7811    8.8467    8.8563    9.0994    9.3550    9.5239    9.5267    9.7103    9.7191   10.1299   10.1325   10.1389   10.2977   10.5503   10.5565   11.0856   11.0868   11.1212   11.1214   11.4380
  1.2593  -15.7255  -14.8965  -14.8307  -14.8303  -14.6830  -14.6829   -5.4777   -4.9903   -4.5558   -4.5516   -4.4954   -4.4884   -4.1784   -4.1748   -4.0925   -3.3440   -3.3406   -3.3365   -2.5005   -2.2359   -2.1918   -2.1867   -1.9365   -1.9339   -1.3364   -0.9805   -0.9801   -0.8510   -0.7326   -0.7313    0.9698    0.9718    1.2645    1.2646    5.1399    5.7689    6.2889    6.6352    6.8328    7.1996    7.3901    8.0838    8.6825    8.6918    8.7810    8.8467    8.8563    9.1136    9.3639    9.5239    9.5266    9.7103    9.7191   10.1300   10.1325   10.1389   10.2748   10.5503   10.5565   11.0863   11.0873   11.1207   11.1209   11.4342
  1.2665  -15.7255  -14.8965  -14.8307  -14.8303  -14.6830  -14.6829   -5.4777   -4.9903   -4.5558   -4.5516   -4.4954   -4.4884   -4.1784   -4.1748   -4.0925   -3.3440   -3.3406   -3.3365   -2.5005   -2.2359   -2.1918   -2.1867   -1.9365   -1.9339   -1.3364   -0.9805   -0.9801   -0.8510   -0.7326   -0.7313    0.9698    0.9718    1.2645    1.2646    5.1399    5.7673    6.2994    6.6208    6.8287    7.1996    7.4136    8.0599    8.6825    8.6918    8.7810    8.8467    8.8563    9.1262    9.3737    9.5239    9.5265    9.7103    9.7191   10.1300   10.1325   10.1390   10.2526   10.5503   10.5565   11.0870   11.0879   11.1202   11.1203   11.4303
  1.2738  -15.7255  -14.8965  -14.8307  -14.8303  -14.6830  -14.6829   -5.4777   -4.9903   -4.5558   -4.5516   -4.4954   -4.4884   -4.1784   -4.1748   -4.0925   -3.3440   -3.3406   -3.3365   -2.5005   -2.2359   -2.1918   -2.1867   -1.9365   -1.9339   -1.3364   -0.9805   -0.9801   -0.8510   -0.7326   -0.7313    0.9698    0.9718    1.2645    1.2646    5.1400    5.7659    6.3099    6.6067    6.8254    7.1996    7.4361    8.0369    8.6825    8.6919    8.7810    8.8467    8.8563    9.1371    9.3838    9.5239    9.5265    9.7103    9.7191   10.1300   10.1325   10.1390   10.2317   10.5503   10.5565   11.0876   11.0885   11.1197   11.1198   11.4295
  1.2810  -15.7255  -14.8965  -14.8307  -14.8303  -14.6830  -14.6829   -5.4777   -4.9903   -4.5558   -4.5516   -4.4954   -4.4884   -4.1784   -4.1748   -4.0925   -3.3440   -3.3406   -3.3365   -2.5005   -2.2359   -2.1918   -2.1867   -1.9365   -1.9339   -1.3364   -0.9805   -0.9801   -0.8510   -0.7326   -0.7313    0.9698    0.9718    1.2645    1.2646    5.1401    5.7646    6.3202    6.5931    6.8228    7.1996    7.4570    8.0154    8.6825    8.6919    8.7810    8.8467    8.8563    9.1461    9.3939    9.5239    9.5264    9.7103    9.7191   10.1300   10.1325   10.1390   10.2126   10.5503   10.5565   11.0882   11.0890   11.1192   11.1193   11.4265
  1.2883  -15.7255  -14.8965  -14.8307  -14.8303  -14.6830  -14.6829   -5.4777   -4.9903   -4.5558   -4.5516   -4.4954   -4.4884   -4.1784   -4.1748   -4.0925   -3.3440   -3.3406   -3.3365   -2.5005   -2.2359   -2.1918   -2.1867   -1.9365   -1.9339   -1.3364   -0.9805   -0.9801   -0.8510   -0.7326   -0.7313    0.9698    0.9718    1.2645    1.2646    5.1402    5.7635    6.3297    6.5807    6.8209    7.1996    7.4757    7.9962    8.6825    8.6918    8.7810    8.8467    8.8563    9.1534    9.4034    9.5239    9.5263    9.7103    9.7191   10.1300   10.1326   10.1390   10.1959   10.5503   10.5565   11.0888   11.0895   11.1188   11.1189   11.4233
  1.2955  -15.7255  -14.8965  -14.8307  -14.8303  -14.6830  -14.6829   -5.4777   -4.9903   -4.5558   -4.5516   -4.4954   -4.4884   -4.1784   -4.1748   -4.0925   -3.3440   -3.3406   -3.3365   -2.5005   -2.2359   -2.1918   -2.1867   -1.9365   -1.9339   -1.3364   -0.9805   -0.9801   -0.8510   -0.7326   -0.7313    0.9698    0.9718    1.2645    1.2646    5.1402    5.7626    6.3381    6.5700    6.8194    7.1996    7.4914    7.9800    8.6825    8.6918    8.7810    8.8467    8.8563    9.1589    9.4116    9.5239    9.5262    9.7103    9.7191   10.1300   10.1326   10.1390   10.1822   10.5503   10.5565   11.0892   11.0899   11.1185   11.1186   11.4215
  1.3028  -15.7255  -14.8965  -14.8307  -14.8303  -14.6830  -14.6829   -5.4777   -4.9903   -4.5558   -4.5516   -4.4954   -4.4884   -4.1784   -4.1748   -4.0925   -3.3440   -3.3406   -3.3365   -2.5005   -2.2359   -2.1918   -2.1867   -1.9365   -1.9339   -1.3364   -0.9805   -0.9801   -0.8510   -0.7326   -0.7313    0.9698    0.9718    1.2645    1.2646    5.1402    5.7620    6.3447    6.5616    6.8184    7.1996    7.5034    7.9677    8.6825    8.6919    8.7810    8.8467    8.8563    9.1627    9.4180    9.5239    9.5261    9.7103    9.7191   10.1300   10.1326   10.1390   10.1719   10.5503   10.5565   11.0895   11.0902   11.1182   11.1183   11.4373
  1.3100  -15.7255  -14.8965  -14.8307  -14.8303  -14.6830  -14.6829   -5.4777   -4.9903   -4.5558   -4.5516   -4.4954   -4.4884   -4.1784   -4.1748   -4.0925   -3.3440   -3.3406   -3.3365   -2.5005   -2.2359   -2.1918   -2.1867   -1.9365   -1.9339   -1.3364   -0.9805   -0.9801   -0.8510   -0.7326   -0.7313    0.9698    0.9718    1.2645    1.2646    5.1403    5.7616    6.3490    6.5563    6.8178    7.1996    7.5110    7.9599    8.6825    8.6919    8.7810    8.8467    8.8563    9.1650    9.4220    9.5239    9.5261    9.7103    9.7191   10.1300   10.1326   10.1390   10.1656   10.5503   10.5565   11.0898   11.0903   11.1181   11.1181   11.4271
  1.3173  -15.7255  -14.8965  -14.8307  -14.8303  -14.6830  -14.6829   -5.4777   -4.9903   -4.5558   -4.5516   -4.4954   -4.4884   -4.1784   -4.1748   -4.0925   -3.3440   -3.3406   -3.3365   -2.5005   -2.2359   -2.1918   -2.1867   -1.9365   -1.9339   -1.3364   -0.9805   -0.9801   -0.8510   -0.7326   -0.7313    0.9698    0.9718    1.2645    1.2646    5.1403    5.7614    6.3505    6.5545    6.8176    7.1996    7.5136    7.9572    8.6825    8.6919    8.7810    8.8467    8.8563    9.1657    9.4234    9.5239    9.5261    9.7103    9.7191   10.1300   10.1326   10.1390   10.1635   10.5503   10.5565   11.0898   11.0904   11.1180   11.1181   11.4189
  1.3173  -15.4157  -15.1729  -14.8763  -14.7839  -14.7506  -14.7163   -5.3973   -4.8756   -4.6513   -4.5535   -4.4335   -4.3944   -4.2914   -3.8007   -3.7174   -3.6475   -3.2215   -3.2164   -2.7462   -2.6321   -2.3391   -2.2766   -1.9846   -1.9564   -1.3166   -1.0318   -0.9873   -0.7277   -0.7239   -0.5051    0.9231    0.9937    1.1229    1.1473    6.6857    6.7675    6.8166    6.8636    6.8774    7.2918    7.6168    7.6489    7.6568    8.1519    8.1817    8.4084    8.4853    8.6471    8.6708    8.9149    8.9669    9.1693    9.3605    9.3954    9.6254    9.7348    9.7718   10.0478   10.1169   10.1353   10.1994   10.3727   10.4127   10.6338
  1.3715  -15.4121  -15.1746  -14.8793  -14.7831  -14.7505  -14.7165   -5.3851   -4.8784   -4.6521   -4.5604   -4.4475   -4.3795   -4.2893   -3.8199   -3.8055   -3.5405   -3.2627   -3.1566   -2.7517   -2.6374   -2.3332   -2.2740   -1.9914   -1.9857   -1.3090   -1.0232   -0.9816   -0.7262   -0.7254   -0.5107    0.9232    0.9945    1.1024    1.1709    6.6855    6.7518    6.8370    6.8601    6.8951    7.2979    7.5984    7.6532    7.6565    8.1586    8.1596    8.4228    8.4630    8.5833    8.6603    8.8934    8.9741    9.2057    9.3945    9.4068    9.5247    9.6399    9.8127    9.9708   10.0980   10.1454   10.3250   10.3886   10.5106   10.5854
  1.4258  -15.4014  -15.1801  -14.8875  -14.7809  -14.7501  -14.7175   -5.3493   -4.8874   -4.6565   -4.5762   -4.4710   -4.3535   -4.2843   -3.9411   -3.8212   -3.4054   -3.2832   -3.0822   -2.7648   -2.6525   -2.3172   -2.2697   -2.0627   -2.0105   -1.2930   -0.9983   -0.9655   -0.7295   -0.7216   -0.5274    0.9233    0.9968    1.0773    1.2041    6.6848    6.7262    6.8654    6.8761    6.9320    7.3136    7.5348    7.6685    7.6798    8.1204    8.1760    8.3367    8.4485    8.5166    8.6155    8.8221    8.9881    9.2860    9.3132    9.3425    9.5255    9.6116    9.6700    9.9856   10.1777   10.1872   10.2446   10.4299   10.4914   10.6414
  1.4801  -15.3837  -15.1907  -14.8988  -14.7772  -14.7493  -14.7198   -5.2926   -4.9045   -4.6701   -4.5887   -4.4952   -4.3259   -4.2780   -4.0482   -3.8483   -3.2821   -3.2733   -3.0017   -2.7778   -2.6756   -2.2950   -2.2864   -2.1499   -2.0392   -1.2797   -0.9620   -0.9426   -0.7345   -0.7145   -0.5543    0.9228    1.0011    1.0566    1.2358    6.6830    6.7002    6.8822    6.9222    6.9830    7.3320    7.4635    7.7009    7.7193    8.0920    8.1302    8.1968    8.4427    8.4836    8.5801    8.7263    9.0040    9.0301    9.2518    9.4378    9.4532    9.6909    9.6918    9.9565   10.0228   10.2333   10.3380   10.4771   10.5907   10.6851
  1.5343  -15.3595  -15.2078  -14.9101  -14.7722  -14.7482  -14.7238   -5.2199   -4.9321   -4.6939   -4.5900   -4.5191   -4.2989   -4.2708   -4.1350   -3.8830   -3.2686   -3.1497   -2.9208   -2.7801   -2.7043   -2.3825   -2.2696   -2.1773   -2.0741   -1.2730   -0.9234   -0.9173   -0.7368   -0.7053   -0.5900    0.9212    1.0070    1.0408    1.2622    6.6767    6.6799    6.9078    6.9725    7.0455    7.3427    7.4180    7.7458    7.7703    7.9126    8.0899    8.2045    8.3161    8.5382    8.5835    8.6557    8.7603    9.0238    9.2233    9.2813    9.4897    9.5791    9.8891    9.9858   10.0469   10.3027   10.3450   10.5011   10.6573   10.6783
  1.5886  -15.3293  -15.2329  -14.9187  -14.7661  -14.7478  -14.7289   -5.1393   -4.9722   -4.7185   -4.5827   -4.5415   -4.2738   -4.2621   -4.1979   -3.9178   -3.2548   -3.0408   -2.8483   -2.7602   -2.7356   -2.5261   -2.2431   -2.1676   -2.1116   -1.2718   -0.8945   -0.8942   -0.7306   -0.6957   -0.6307    0.9193    1.0133    1.0297    1.2803    6.6611    6.6754    6.9358    7.0266    7.1099    7.3387    7.4129    7.6717    7.8042    7.8648    8.1243    8.1532    8.2280    8.4527    8.6148    8.6403    8.6743    9.0497    9.0856    9.1690    9.3717    9.6814    9.9184   10.0893   10.1846   10.3296   10.3542   10.4954   10.6790   10.6970
  1.6428  -15.2937  -15.2661  -14.9228  -14.7590  -14.7508  -14.7323   -5.0634   -5.0243   -4.7330   -4.5706   -4.5606   -4.2531   -4.2527   -4.2372   -3.9406   -3.2481   -2.9655   -2.7948   -2.7680   -2.7104   -2.6624   -2.2197   -2.1550   -2.1446   -1.2728   -0.8828   -0.8799   -0.7117   -0.6948   -0.6632    0.9179    1.0187    1.0231    1.2885    6.6602    6.6682    6.9545    7.0893    7.1332    7.3343    7.4475    7.4986    7.8805    7.9276    8.0314    8.1972    8.2212    8.2686    8.6280    8.7113    8.7507    8.8537    9.0833    9.1063    9.3654    9.7698    9.8258   10.2455   10.2797   10.3306   10.3626   10.5034   10.5581   10.6749
  1.6971  -15.3066  -15.2535  -14.9221  -14.7597  -14.7512  -14.7314   -5.0854   -5.0073   -4.7293   -4.5742   -4.5557   -4.2602   -4.2499   -4.2340   -3.9333   -3.2485   -2.9935   -2.8059   -2.7554   -2.7039   -2.6454   -2.2259   -2.1503   -2.1443   -1.2721   -0.8874   -0.8806   -0.7203   -0.6843   -0.6622    0.9183    1.0202    1.0217    1.2869    6.6496    6.6787    6.9500    7.0394    7.1694    7.3322    7.4689    7.5124    7.8037    7.9808    8.0338    8.2071    8.2238    8.3047    8.5910    8.6519    8.8243    8.8725    9.0849    9.1251    9.3471    9.7600    9.8530   10.1815   10.2735   10.3487   10.3573   10.5027   10.5969   10.6601
  1.7514  -15.3525  -15.2097  -14.9173  -14.7722  -14.7428  -14.7281   -5.1505   -4.9782   -4.7084   -4.5812   -4.5398   -4.2686   -4.2597   -4.2236   -3.8789   -3.2516   -3.1330   -2.8321   -2.7251   -2.6518   -2.5824   -2.2649   -2.1583   -2.1065   -1.2668   -0.9020   -0.9016   -0.7403   -0.6566   -0.6525    0.9216    1.0199    1.0221    1.2774    6.5921    6.7176    6.8597    6.9536    7.2752    7.3340    7.5451    7.5974    7.6193    8.0339    8.1085    8.1747    8.3016    8.4418    8.4453    8.6480    8.9502    8.9548    9.1124    9.1756    9.3038    9.7448    9.9344    9.9945   10.2544   10.3076   10.3490   10.4580   10.6571   10.7656
  1.8056  -15.4016  -15.1633  -14.9095  -14.7866  -14.7342  -14.7237   -5.2147   -4.9675   -4.6824   -4.5817   -4.5261   -4.2778   -4.2690   -4.2208   -3.7776   -3.2999   -3.2515   -2.8519   -2.7075   -2.5802   -2.5273   -2.3112   -2.1787   -2.0580   -1.2555   -0.9370   -0.9213   -0.7490   -0.6436   -0.6339    0.9287    1.0203    1.0209    1.2634    6.4686    6.6938    6.7742    6.9782    7.3584    7.3839    7.4092    7.6959    7.7082    7.9747    8.1040    8.2642    8.3516    8.4498    8.6037    8.6826    8.9391    9.0853    9.2238    9.2365    9.2750    9.7650    9.8143   10.0128   10.1868   10.3063   10.3129   10.4529   10.6521   10.7969
  1.8599  -15.4519  -15.1154  -14.8998  -14.8018  -14.7255  -14.7187   -5.2745   -4.9642   -4.6606   -4.5761   -4.5195   -4.2919   -4.2648   -4.2270   -3.6477   -3.4675   -3.2401   -2.8691   -2.7080   -2.5119   -2.4805   -2.3553   -2.2040   -2.0108   -1.2398   -0.9723   -0.9438   -0.7537   -0.6373   -0.6188    0.9398    1.0184    1.0214    1.2490    6.2970    6.5406    6.8439    7.0486    7.1817    7.4037    7.5644    7.8090    7.8207    7.8619    8.0598    8.2945    8.4461    8.5952    8.7504    8.7859    8.8741    9.2225    9.2716    9.3158    9.3780    9.6675    9.8164   10.0466   10.1265   10.2516   10.3707   10.4931   10.6871   10.7536
  1.9142  -15.5016  -15.0673  -14.8893  -14.8171  -14.7172  -14.7134   -5.3272   -4.9624   -4.6441   -4.5654   -4.5231   -4.2928   -4.2596   -4.2411   -3.6267   -3.5209   -3.2012   -2.8892   -2.7305   -2.4580   -2.4399   -2.3893   -2.2179   -1.9744   -1.2236   -0.9983   -0.9668   -0.7590   -0.6352   -0.6125    0.9536    1.0196    1.0200    1.2381    6.1095    6.3986    6.9207    6.9902    7.1593    7.4215    7.7192    7.7493    7.8386    7.9513    8.0703    8.2629    8.6498    8.6910    8.7550    8.9446    8.9826    9.3029    9.3457    9.4339    9.5304    9.5746    9.8785    9.9515   10.1993   10.2231   10.4680   10.5521   10.7100   10.7493
  1.9684  -15.5489  -15.0204  -14.8791  -14.8315  -14.7093  -14.7079   -5.3716   -4.9607   -4.6310   -4.5511   -4.5332   -4.2803   -4.2748   -4.2428   -3.7714   -3.4363   -3.1167   -2.9210   -2.7690   -2.4248   -2.4088   -2.4014   -2.2022   -1.9557   -1.2125   -1.0109   -0.9873   -0.7667   -0.6383   -0.6152    0.9653    1.0145    1.0321    1.2328    5.9226    6.2673    6.8218    6.9972    7.2468    7.4196    7.6799    7.7426    7.8502    8.0591    8.1397    8.3418    8.6357    8.8326    8.8668    9.1320    9.1835    9.3693    9.4670    9.4725    9.5760    9.7297    9.8738    9.9228   10.2756   10.2821   10.5397   10.5714   10.7227   10.7714
  2.0227  -15.5925  -14.9760  -14.8712  -14.8433  -14.7025  -14.7022   -5.4072   -4.9602   -4.6182   -4.5427   -4.5351   -4.3113   -4.2597   -4.2310   -3.8955   -3.3979   -3.0307   -2.9720   -2.7834   -2.4151   -2.4009   -2.3598   -2.1588   -1.9571   -1.2124   -1.0106   -1.0010   -0.7768   -0.6476   -0.6261    0.9707    1.0068    1.0597    1.2334    5.7440    6.1483    6.6697    7.0658    7.2057    7.5028    7.5303    7.7096    7.9647    8.0339    8.3597    8.4906    8.5856    8.9322    9.0815    9.2944    9.3671    9.3833    9.5287    9.6040    9.6898    9.8944    9.9167    9.9631   10.3386   10.3461   10.4721   10.6356   10.7207   10.7578
  2.0769  -15.6313  -14.9353  -14.8703  -14.8476  -14.6973  -14.6961   -5.4341   -4.9625   -4.6032   -4.5468   -4.5199   -4.3589   -4.2364   -4.2150   -3.9936   -3.3816   -3.0421   -3.0416   -2.7065   -2.4113   -2.3695   -2.3068   -2.1037   -1.9766   -1.2263   -1.0055   -1.0018   -0.7893   -0.6627   -0.6439    0.9718    0.9978    1.0995    1.2383    5.5789    6.0434    6.5369    7.1108    7.1203    7.3295    7.5536    7.7475    8.0813    8.1109    8.4753    8.5775    8.7237    9.0290    9.2369    9.2709    9.4860    9.4966    9.7154    9.7304    9.8628    9.9825    9.9909   10.1191   10.2993   10.4044   10.4681   10.6162   10.6874   10.7737
  2.1312  -15.6642  -14.8997  -14.8772  -14.8438  -14.6926  -14.6911   -5.4532   -4.9680   -4.5850   -4.5439   -4.5078   -4.4136   -4.2145   -4.1956   -4.0626   -3.3736   -3.1236   -3.1112   -2.6034   -2.3957   -2.3273   -2.2335   -2.0489   -2.0095   -1.2516   -1.0023   -0.9901   -0.8038   -0.6819   -0.6663    0.9714    0.9890    1.1454    1.2454    5.4322    5.9540    6.4255    7.0114    7.1582    7.1654    7.4376    7.9363    8.2100    8.2431    8.4226    8.7512    8.9034    9.1096    9.1547    9.4183    9.5552    9.5671    9.8860    9.8974    9.9760   10.0751   10.1273   10.2289   10.3003   10.4648   10.5034   10.6219   10.6468   10.8434
  2.1855  -15.6906  -14.8851  -14.8704  -14.8385  -14.6886  -14.6874   -5.4657   -4.9755   -4.5682   -4.5324   -4.5004   -4.4682   -4.1964   -4.1771   -4.1020   -3.3683   -3.2057   -3.1888   -2.5385   -2.3629   -2.2798   -2.1410   -2.0488   -2.0013   -1.2816   -0.9954   -0.9808   -0.8199   -0.7017   -0.6902    0.9708    0.9817    1.1909    1.2527    5.3096    5.8814    6.3373    6.9090    7.0410    7.1811    7.3324    8.1375    8.3371    8.3510    8.4487    8.8459    9.0278    9.0861    9.1739    9.5295    9.5603    9.7050    9.8395    9.8970   10.1172   10.1353   10.2916   10.4027   10.4443   10.4618   10.5727   10.6858   10.7611   10.9507
  2.2397  -15.7099  -14.8913  -14.8485  -14.8342  -14.6855  -14.6849   -5.4730   -4.9830   -4.5581   -4.5151   -4.5130   -4.4961   -4.1839   -4.1712   -4.1094   -3.3631   -3.2770   -3.2568   -2.5117   -2.3172   -2.2355   -2.1094   -2.0296   -1.9654   -1.3096   -0.9880   -0.9771   -0.8356   -0.7179   -0.7118    0.9703    0.9762    1.2295    1.2590    5.2169    5.8274    6.2735    6.8116    6.9651    7.1930    7.2553    8.2765    8.3786    8.4956    8.6127    8.8719    9.0181    9.0295    9.2459    9.5932    9.6221    9.6875    9.7789    9.9103   10.1213   10.1795   10.4166   10.4618   10.5271   10.7090   10.7450   10.8665   10.9114   11.0819
  2.2940  -15.7216  -14.8951  -14.8349  -14.8316  -14.6836  -14.6834   -5.4766   -4.9883   -4.5532   -4.5452   -4.4955   -4.4953   -4.1770   -4.1758   -4.0985   -3.3549   -3.3263   -3.3073   -2.5026   -2.2688   -2.2035   -2.1541   -1.9604   -1.9437   -1.3293   -0.9825   -0.9785   -0.8469   -0.7280   -0.7271    0.9699    0.9729    1.2555    1.2631    5.1589    5.7939    6.2349    6.7436    6.9248    7.1982    7.2090    8.2733    8.5518    8.6225    8.7756    8.8617    8.9072    8.9902    9.2997    9.5718    9.5923    9.6903    9.6919   10.0730   10.1264   10.1522   10.4509   10.5202   10.5419   10.9827   10.9883   11.0522   11.0568   11.2478
  2.3483  -15.7255  -14.8965  -14.8307  -14.8303  -14.6830  -14.6829   -5.4777   -4.9903   -4.5558   -4.5516   -4.4954   -4.4884   -4.1784   -4.1748   -4.0925   -3.3440   -3.3406   -3.3365   -2.5005   -2.2359   -2.1918   -2.1867   -1.9365   -1.9339   -1.3364   -0.9805   -0.9801   -0.8510   -0.7326   -0.7313    0.9698    0.9718    1.2645    1.2646    5.1392    5.7825    6.2220    6.7196    6.9120    7.1936    7.1996    8.2674    8.6825    8.6919    8.7811    8.8467    8.8563    8.9796    9.3173    9.5240    9.5269    9.7103    9.7190   10.1298   10.1324   10.1388   10.4483   10.5502   10.5565   11.0815   11.0830   11.1242   11.1247   11.5024
  2.3483  -15.7255  -14.8965  -14.8307  -14.8303  -14.6830  -14.6829   -5.4777   -4.9903   -4.5558   -4.5516   -4.4954   -4.4884   -4.1784   -4.1748   -4.0925   -3.3440   -3.3406   -3.3365   -2.5005   -2.2359   -2.1918   -2.1867   -1.9365   -1.9339   -1.3364   -0.9805   -0.9801   -0.8510   -0.7326   -0.7313    0.9698    0.9718    1.2645    1.2646    5.1392    5.7825    6.2220    6.7196    6.9120    7.1936    7.1996    8.2674    8.6825    8.6919    8.7811    8.8467    8.8563    8.9796    9.3173    9.5240    9.5269    9.7103    9.7190   10.1298   10.1324   10.1388   10.4483   10.5502   10.5565   11.0815   11.0830   11.1242   11.1247   11.5024
  2.3801  -15.7242  -14.8960  -14.8319  -14.8309  -14.6832  -14.6831   -5.4773   -4.9896   -4.5542   -4.5502   -4.4961   -4.4901   -4.1780   -4.1750   -4.0947   -3.3501   -3.3372   -3.3228   -2.5012   -2.2505   -2.1947   -2.1733   -1.9437   -1.9381   -1.3339   -0.9812   -0.9796   -0.8496   -0.7310   -0.7299    0.9699    0.9721    1.2615    1.2641    5.1458    5.7862    6.2267    6.7272    6.9151    7.1991    7.2005    8.2681    8.6235    8.6623    8.8271    8.8338    8.8628    8.9844    9.3117    9.5404    9.5525    9.7014    9.7099   10.1140   10.1345   10.1357   10.4486   10.5399   10.5507   11.0499   11.0572   11.0888   11.1053   11.3520
  2.4120  -15.7203  -14.8947  -14.8364  -14.8319  -14.6839  -14.6835   -5.4762   -4.9877   -4.5548   -4.5406   -4.5003   -4.4927   -4.1790   -4.1736   -4.1004   -3.3572   -3.3197   -3.3010   -2.5035   -2.2768   -2.2062   -2.1473   -1.9700   -1.9451   -1.3269   -0.9835   -0.9779   -0.8456   -0.7275   -0.7247    0.9702    0.9731    1.2525    1.2626    5.1654    5.7972    6.2409    6.7494    6.9251    7.1977    7.2209    8.2697    8.5258    8.6000    8.7633    8.8518    8.9360    8.9981    9.2948    9.5831    9.6071    9.6833    9.6910   10.0490   10.1417   10.1436   10.4475   10.5106   10.5384   10.9291   10.9679   11.0059   11.0673   11.2242
  2.4439  -15.7138  -14.8925  -14.8441  -14.8333  -14.6850  -14.6843   -5.4742   -4.9847   -4.5572   -4.5242   -4.5091   -4.4943   -4.1830   -4.1699   -4.1075   -3.3621   -3.2919   -3.2725   -2.5082   -2.3047   -2.2250   -2.1195   -2.0121   -1.9553   -1.3157   -0.9879   -0.9757   -0.8392   -0.7226   -0.7154    0.9705    0.9748    1.2381    1.2602    5.1978    5.8154    6.2644    6.7840    6.9444    7.1948    7.2543    8.2695    8.4291    8.5110    8.6742    8.8626    9.0096    9.0196    9.2675    9.5954    9.6434    9.6566    9.7455    9.9541   10.1444   10.1530   10.4411   10.4709   10.5248   10.7304   10.8614   10.8994   11.0125   11.1542
  2.4758  -15.7047  -14.8896  -14.8546  -14.8352  -14.6865  -14.6854   -5.4712   -4.9809   -4.5605   -4.5213   -4.5007   -4.4964   -4.1903   -4.1651   -4.1129   -3.3657   -3.2557   -3.2377   -2.5168   -2.3318   -2.2504   -2.0919   -2.0669   -1.9674   -1.3015   -0.9944   -0.9737   -0.8310   -0.7165   -0.7028    0.9709    0.9773    1.2192    1.2567    5.2421    5.8404    6.2972    6.8265    6.9769    7.1900    7.2996    8.2532    8.3525    8.4064    8.5729    8.8692    9.0449    9.0629    9.2362    9.5399    9.6341    9.7012    9.8392    9.8449   10.1325   10.1599   10.4124   10.4333   10.4861   10.5656   10.7473   10.7892   10.9428   11.0745
  2.5076  -15.6932  -14.8859  -14.8680  -14.8375  -14.6884  -14.6869   -5.4670   -4.9764   -4.5647   -4.5323   -4.4999   -4.4739   -4.2019   -4.1596   -4.1130   -3.3688   -3.2130   -3.1977   -2.5314   -2.3563   -2.2825   -2.1303   -2.0652   -1.9795   -1.2855   -1.0028   -0.9725   -0.8217   -0.7097   -0.6872    0.9714    0.9803    1.1971    1.2521    5.2977    5.8719    6.3390    6.8715    7.0277    7.1822    7.3557    8.1907    8.2919    8.3307    8.4656    8.8591    9.0567    9.0994    9.2164    9.4704    9.6233    9.7377    9.7463    9.9079   10.1138   10.1601   10.2544   10.4092   10.4459   10.5423   10.6317   10.6946   10.8655   10.9830
  2.5395  -15.6793  -14.8840  -14.8815  -14.8399  -14.6905  -14.6888   -5.4616   -4.9715   -4.5698   -4.5418   -4.5051   -4.4438   -4.2178   -4.1533   -4.1060   -3.3718   -3.1656   -3.1539   -2.5540   -2.3765   -2.3236   -2.1952   -2.0413   -1.9892   -1.2692   -1.0122   -0.9726   -0.8121   -0.7030   -0.6693    0.9720    0.9839    1.1730    1.2465    5.3636    5.9095    6.3897    6.9157    7.0988    7.1704    7.4215    8.1085    8.1756    8.3360    8.3556    8.8115    9.0473    9.1390    9.2111    9.3942    9.5965    9.6722    9.7596    9.8851   10.0460   10.1510   10.1641   10.3812   10.4408   10.5232   10.5487   10.6263   10.7857   10.8874
  2.5714  -15.6631  -14.9025  -14.8768  -14.8423  -14.6930  -14.6912   -5.4549   -4.9665   -4.5756   -4.5481   -4.5119   -4.4120   -4.2367   -4.1461   -4.0914   -3.3753   -3.1155   -3.1084   -2.5860   -2.3917   -2.3784   -2.2522   -2.0241   -1.9915   -1.2543   -1.0215   -0.9743   -0.8026   -0.6969   -0.6500    0.9727    0.9877    1.1485    1.2398    5.4387    5.9530    6.4488    6.9602    7.1518    7.1891    7.4952    8.0303    8.0579    8.2450    8.3498    8.7209    9.0340    9.1772    9.2133    9.3152    9.5295    9.6711    9.7000    9.7802    9.9276   10.1315   10.2170   10.3225   10.4233   10.4706   10.5545   10.5867   10.7084   10.7953
  2.6033  -15.6447  -14.9234  -14.8720  -14.8442  -14.6957  -14.6942   -5.4473   -4.9613   -4.5822   -4.5501   -4.5198   -4.3804   -4.2575   -4.1372   -4.0698   -3.3799   -3.0648   -3.0637   -2.6267   -2.4486   -2.4009   -2.2952   -2.0189   -1.9808   -1.2428   -1.0292   -0.9776   -0.7936   -0.6919   -0.6301    0.9737    0.9912    1.1253    1.2320    5.5222    6.0022    6.5158    7.0074    7.1282    7.2907    7.5740    7.9395    7.9656    8.1351    8.3641    8.6058    9.0078    9.1902    9.2249    9.2518    9.4737    9.5402    9.6390    9.7191    9.8626   10.1013   10.2328   10.2427   10.3917   10.4618   10.5606   10.5711   10.6457   10.7146
  2.6351  -15.6244  -14.9463  -14.8680  -14.8447  -14.6985  -14.6977   -5.4391   -4.9558   -4.5896   -4.5472   -4.5281   -4.3510   -4.2792   -4.1258   -4.0417   -3.3861   -3.0244   -3.0147   -2.6744   -2.5249   -2.4059   -2.3264   -2.0185   -1.9649   -1.2363   -1.0340   -0.9824   -0.7851   -0.6885   -0.6103    0.9749    0.9932    1.1053    1.2234    5.6130    6.0570    6.5901    7.0545    7.1011    7.4013    7.6514    7.8243    7.9198    8.0269    8.3580    8.5016    8.9608    9.1494    9.1860    9.2733    9.3565    9.4614    9.5358    9.7250    9.7984   10.0505   10.1513   10.2104   10.3673   10.4558   10.5243   10.5731   10.6170   10.6693
  2.6670  -15.6022  -14.9711  -14.8660  -14.8427  -14.7020  -14.7011   -5.4307   -4.9495   -4.5978   -4.5394   -4.5358   -4.3256   -4.3013   -4.1108   -4.0077   -3.3948   -2.9958   -2.9687   -2.7265   -2.5968   -2.4065   -2.3487   -2.0170   -1.9504   -1.2357   -1.0348   -0.9883   -0.7773   -0.6868   -0.5914    0.9764    0.9922    1.0909    1.2140    5.7103    6.1170    6.6711    7.0455    7.1286    7.5150    7.7015    7.7226    7.9065    7.9216    8.2774    8.4755    8.8989    9.0523    9.1249    9.2217    9.3201    9.4261    9.4637    9.7042    9.7534    9.9708   10.0936   10.1543   10.3368   10.4401   10.4714   10.5306   10.6109   10.6821
  2.6989  -15.5785  -14.9973  -14.8662  -14.8379  -14.7066  -14.7040   -5.4226   -4.9421   -4.6066   -4.5426   -4.5266   -4.3231   -4.3058   -4.0911   -3.9686   -3.4072   -2.9872   -2.9313   -2.7780   -2.6517   -2.4026   -2.3636   -2.0135   -1.9393   -1.2409   -1.0319   -0.9950   -0.7700   -0.6869   -0.5738    0.9781    0.9869    1.0838    1.2042    5.8134    6.1823    6.7581    6.9996    7.1932    7.5999    7.6207    7.7456    7.8191    7.9284    8.1748    8.4986    8.8311    8.8988    9.0397    9.1768    9.3120    9.3418    9.4873    9.6121    9.7747    9.8841   10.0338   10.1152   10.2940   10.4046   10.4189   10.4789   10.6021   10.7115
  2.7308  -15.5536  -15.0247  -14.8677  -14.8312  -14.7119  -14.7067   -5.4153   -4.9332   -4.6156   -4.5477   -4.5100   -4.3444   -4.2922   -4.0663   -3.9251   -3.4247   -3.0060   -2.9185   -2.8132   -2.6796   -2.3937   -2.3715   -2.0085   -1.9324   -1.2505   -1.0261   -1.0019   -0.7632   -0.6887   -0.5580    0.9775    0.9801    1.0837    1.1940    5.9217    6.2525    6.8501    6.9479    7.2665    7.4961    7.6685    7.7178    7.7926    7.9212    8.1522    8.5349    8.7191    8.7688    8.9766    9.0987    9.2558    9.3138    9.5067    9.5366    9.7812    9.8310    9.9708   10.0920   10.2395   10.3535   10.3696   10.4402   10.5768   10.7386
  2.7626  -15.5279  -15.0527  -14.8697  -14.8234  -14.7178  -14.7092   -5.4093   -4.9229   -4.6245   -4.5512   -4.4903   -4.3646   -4.2844   -4.0368   -3.8782   -3.4492   -3.0470   -2.9512   -2.8110   -2.6829   -2.3798   -2.3729   -2.0025   -1.9300   -1.2628   -1.0190   -1.0086   -0.7568   -0.6920   -0.5443    0.9661    0.9822    1.0884    1.1839    6.0349    6.3273    6.8931    6.9490    7.3457    7.3968    7.6192    7.6331    7.8132    7.9437    8.2219    8.5455    8.5781    8.7071    8.9243    8.9919    9.1853    9.2869    9.4607    9.5560    9.7093    9.8709    9.9145   10.0713   10.1747   10.3013   10.3262   10.4106   10.5401   10.7583
  2.7945  -15.5019  -15.0807  -14.8717  -14.8151  -14.7241  -14.7115   -5.4045   -4.9114   -4.6327   -4.5531   -4.4690   -4.3833   -4.2812   -4.0029   -3.8290   -3.4827   -3.0954   -3.0067   -2.7929   -2.6733   -2.3698   -2.3608   -1.9964   -1.9319   -1.2761   -1.0147   -1.0116   -0.7509   -0.6964   -0.5326    0.9548    0.9845    1.0956    1.1743    6.1524    6.4065    6.8431    7.0496    7.3014    7.4275    7.5239    7.5362    7.8046    8.0406    8.3171    8.3790    8.6198    8.6592    8.8697    8.8797    9.1044    9.2588    9.4331    9.5812    9.6329    9.8654    9.9259   10.0389   10.1113   10.2571   10.2886   10.3881   10.5010   10.7654
  2.8264  -15.4765  -15.1079  -14.8736  -14.8065  -14.7309  -14.7134   -5.4010   -4.8996   -4.6398   -4.5537   -4.4474   -4.4000   -4.2815   -3.9651   -3.7792   -3.5261   -3.1395   -3.0663   -2.7757   -2.6599   -2.3628   -2.3389   -1.9910   -1.9373   -1.2888   -1.0199   -1.0050   -0.7452   -0.7015   -0.5231    0.9446    0.9869    1.1034    1.1655    6.2740    6.4895    6.7979    7.1536    7.2118    7.3857    7.4543    7.5148    7.8213    8.1298    8.2320    8.4096    8.6074    8.6781    8.7370    8.8418    9.0358    9.2320    9.4183    9.5595    9.5997    9.8269    9.9691    9.9852   10.0730   10.2229   10.2562   10.3740   10.4664   10.7421
  2.8583  -15.4528  -15.1330  -14.8751  -14.7980  -14.7379  -14.7150   -5.3987   -4.8886   -4.6456   -4.5533   -4.4272   -4.4141   -4.2840   -3.9233   -3.7312   -3.5782   -3.1736   -3.1233   -2.7626   -2.6472   -2.3545   -2.3160   -1.9870   -1.9447   -1.2999   -1.0240   -0.9995   -0.7399   -0.7070   -0.5158    0.9363    0.9891    1.1108    1.1580    6.3992    6.5756    6.7606    7.1206    7.2431    7.2636    7.3926    7.5807    7.8658    8.0491    8.2532    8.4743    8.5923    8.5994    8.7057    8.8252    8.9926    9.2080    9.4067    9.4909    9.6109    9.7966    9.8952   10.0260   10.0549   10.1976   10.2292   10.3682   10.4394   10.7054
  2.8901  -15.4327  -15.1541  -14.8763  -14.7900  -14.7448  -14.7161   -5.3973   -4.8796   -4.6499   -4.5524   -4.4250   -4.4105   -4.2874   -3.8777   -3.6888   -3.6353   -3.1969   -3.1726   -2.7538   -2.6372   -2.3470   -2.2956   -1.9853   -1.9518   -1.3084   -1.0269   -0.9955   -0.7347   -0.7127   -0.5106    0.9302    0.9909    1.1167    1.1523    6.5266    6.6638    6.7335    7.0327    7.0998    7.3244    7.3968    7.6263    7.9057    7.9429    8.3279    8.4411    8.5043    8.6225    8.6888    8.8543    8.9726    9.1893    9.3951    9.4306    9.6161    9.7734    9.8232   10.0444   10.0651   10.1764   10.2089   10.3691   10.4211   10.6656
  2.9220  -15.4188  -15.1687  -14.8770  -14.7834  -14.7507  -14.7168   -5.3965   -4.8737   -4.6526   -4.5515   -4.4319   -4.3992   -4.2904   -3.8307   -3.6913   -3.6583   -3.2101   -3.2074   -2.7489   -2.6310   -2.3418   -2.2811   -1.9856   -1.9562   -1.3137   -1.0286   -0.9931   -0.7298   -0.7180   -0.5076    0.9264    0.9920    1.1205    1.1486    6.6480    6.7239    6.7522    6.9451    6.9611    7.3017    7.5087    7.6501    7.7681    8.0460    8.3021    8.3893    8.4915    8.6562    8.6588    8.8967    8.9656    9.1777    9.3783    9.3928    9.6179    9.7511    9.7790   10.0440   10.0935   10.1535   10.1971   10.3736   10.4104   10.6426
  2.9539  -15.4137  -15.1740  -14.8772  -14.7806  -14.7533  -14.7170   -5.3963   -4.8716   -4.6534   -4.5512   -4.4343   -4.3952   -4.2916   -3.8006   -3.7247   -3.6469   -3.2202   -3.2144   -2.7473   -2.6288   -2.3399   -2.2759   -1.9862   -1.9576   -1.3155   -1.0292   -0.9922   -0.7264   -0.7215   -0.5065    0.9252    0.9925    1.1218    1.1474    6.6911    6.7697    6.8178    6.8629    6.8798    7.2921    7.6185    7.6513    7.6572    8.1548    8.1838    8.4103    8.4873    8.6413    8.6724    8.9163    8.9635    9.1739    9.3630    9.3868    9.6182    9.7369    9.7690   10.0445   10.1128   10.1351   10.1933   10.3763   10.4071   10.6280
  2.9539  -15.4137  -15.1742  -14.8770  -14.7807  -14.7533  -14.7169   -5.3963   -4.8717   -4.6533   -4.5513   -4.4343   -4.3951   -4.2918   -3.8005   -3.7245   -3.6469   -3.2204   -3.2144   -2.7472   -2.6290   -2.3400   -2.2759   -1.9862   -1.9574   -1.3156   -1.0294   -0.9921   -0.7264   -0.7217   -0.5064    0.9251    0.9925    1.1218    1.1474    6.6908    6.7696    6.8177    6.8629    6.8797    7.2919    7.6184    7.6512    7.6573    8.1546    8.1836    8.4103    8.4872    8.6416    8.6722    8.9162    8.9636    9.1739    9.3629    9.3873    9.6187    9.7368    9.7692   10.0447   10.1133   10.1350   10.1937   10.3763   10.4074   10.6283
  2.9858  -15.4188  -15.1689  -14.8768  -14.7835  -14.7507  -14.7167   -5.3965   -4.8738   -4.6524   -4.5516   -4.4320   -4.3991   -4.2906   -3.8305   -3.6912   -3.6583   -3.2101   -3.2075   -2.7487   -2.6312   -2.3418   -2.2811   -1.9856   -1.9561   -1.3138   -1.0288   -0.9929   -0.7298   -0.7181   -0.5074    0.9264    0.9921    1.1205    1.1486    6.6478    6.7237    6.7521    6.9450    6.9610    7.3015    7.5085    7.6502    7.7680    8.0459    8.3019    8.3893    8.4914    8.6564    8.6588    8.8967    8.9657    9.1777    9.3782    9.3933    9.6183    9.7513    9.7790   10.0442   10.0937   10.1536   10.1975   10.3736   10.4108   10.6428
  3.0176  -15.4327  -15.1543  -14.8761  -14.7900  -14.7449  -14.7160   -5.3973   -4.8797   -4.6498   -4.5525   -4.4250   -4.4104   -4.2876   -3.8776   -3.6888   -3.6352   -3.1969   -3.1727   -2.7537   -2.6374   -2.3470   -2.2956   -1.9852   -1.9516   -1.3085   -1.0271   -0.9953   -0.7348   -0.7127   -0.5105    0.9301    0.9909    1.1167    1.1523    6.5265    6.6637    6.7333    7.0326    7.0997    7.3242    7.3967    7.6263    7.9055    7.9428    8.3279    8.4409    8.5042    8.6225    8.6890    8.8543    8.9725    9.1892    9.3954    9.4306    9.6166    9.7738    9.8230   10.0446   10.0652   10.1766   10.2093   10.3691   10.4214   10.6658
  3.0495  -15.4528  -15.1332  -14.8749  -14.7980  -14.7380  -14.7149   -5.3987   -4.8887   -4.6455   -4.5534   -4.4272   -4.4142   -4.2842   -3.9231   -3.7311   -3.5781   -3.1736   -3.1235   -2.7624   -2.6474   -2.3546   -2.3160   -1.9870   -1.9446   -1.2999   -1.0242   -0.9993   -0.7400   -0.7071   -0.5157    0.9362    0.9891    1.1108    1.1580    6.3991    6.5755    6.7604    7.1205    7.2430    7.2635    7.3924    7.5807    7.8657    8.0489    8.2532    8.4742    8.5922    8.5993    8.7057    8.8253    8.9925    9.2079    9.4070    9.4909    9.6113    9.7970    9.8950   10.0261   10.0550   10.1978   10.2295   10.3682   10.4396   10.7056
  3.0814  -15.4765  -15.1081  -14.8734  -14.8065  -14.7310  -14.7133   -5.4010   -4.8997   -4.6397   -4.5538   -4.4473   -4.4001   -4.2817   -3.9649   -3.7792   -3.5261   -3.1394   -3.0665   -2.7755   -2.6601   -2.3628   -2.3388   -1.9909   -1.9372   -1.2889   -1.0201   -1.0048   -0.7453   -0.7016   -0.5230    0.9445    0.9869    1.1035    1.1655    6.2739    6.4894    6.7977    7.1536    7.2117    7.3855    7.4542    7.5149    7.8212    8.1297    8.2318    8.4095    8.6074    8.6780    8.7368    8.8419    9.0357    9.2318    9.4186    9.5594    9.6001    9.8273    9.9691    9.9854   10.0730   10.2232   10.2565   10.3741   10.4665   10.7422
  3.1132  -15.5019  -15.0809  -14.8715  -14.8151  -14.7242  -14.7114   -5.4045   -4.9115   -4.6325   -4.5532   -4.4689   -4.3834   -4.2814   -4.0027   -3.8290   -3.4827   -3.0954   -3.0069   -2.7927   -2.6735   -2.3698   -2.3607   -1.9963   -1.9318   -1.2761   -1.0148   -1.0115   -0.7509   -0.6964   -0.5325    0.9547    0.9846    1.0956    1.1743    6.1523    6.4064    6.8429    7.0495    7.3013    7.4275    7.5238    7.5361    7.8046    8.0406    8.3170    8.3788    8.6197    8.6592    8.8695    8.8799    9.1043    9.2586    9.4334    9.5816    9.6328    9.8658    9.9260   10.0391   10.1112   10.2574   10.2889   10.3883   10.5011   10.7654
  3.1451  -15.5279  -15.0529  -14.8695  -14.8235  -14.7178  -14.7091   -5.4092   -4.9230   -4.6243   -4.5513   -4.4903   -4.3647   -4.2845   -4.0366   -3.8782   -3.4493   -3.0470   -2.9514   -2.8107   -2.6831   -2.3798   -2.3730   -2.0024   -1.9299   -1.2628   -1.0189   -1.0087   -0.7569   -0.6920   -0.5441    0.9661    0.9823    1.0885    1.1839    6.0348    6.3273    6.8930    6.9489    7.3456    7.3967    7.6191    7.6330    7.8133    7.9436    8.2219    8.5453    8.5780    8.7071    8.9245    8.9916    9.1852    9.2867    9.4610    9.5565    9.7092    9.8710    9.9149   10.0715   10.1745   10.3016   10.3265   10.4107   10.5401   10.7584
  3.1770  -15.5536  -15.0248  -14.8675  -14.8312  -14.7120  -14.7066   -5.4153   -4.9333   -4.6155   -4.5478   -4.5100   -4.3445   -4.2923   -4.0661   -3.9251   -3.4248   -3.0060   -2.9187   -2.8131   -2.6798   -2.3937   -2.3715   -2.0083   -1.9324   -1.2505   -1.0260   -1.0020   -0.7632   -0.6888   -0.5579    0.9774    0.9801    1.0838    1.1940    5.9217    6.2524    6.8501    6.9478    7.2665    7.4960    7.6686    7.7176    7.7925    7.9212    8.1521    8.5348    8.7189    8.7688    8.9768    9.0985    9.2558    9.3136    9.5068    9.5369    9.7811    9.8311    9.9711   10.0922   10.2394   10.3536   10.3699   10.4404   10.5769   10.7386
  3.2089  -15.5786  -14.9975  -14.8660  -14.8379  -14.7067  -14.7039   -5.4226   -4.9422   -4.6065   -4.5426   -4.5266   -4.3232   -4.3059   -4.0909   -3.9686   -3.4073   -2.9872   -2.9314   -2.7780   -2.6518   -2.4025   -2.3636   -2.0134   -1.9393   -1.2408   -1.0318   -0.9950   -0.7700   -0.6870   -0.5737    0.9781    0.9868    1.0839    1.2041    5.8133    6.1822    6.7580    6.9994    7.1932    7.5998    7.6208    7.7454    7.8190    7.9284    8.1746    8.4985    8.8311    8.8986    9.0399    9.1767    9.3119    9.3416    9.4876    9.6122    9.7748    9.8841   10.0341   10.1153   10.2940   10.4046   10.4191   10.4791   10.6021   10.7115
  3.2407  -15.6022  -14.9712  -14.8658  -14.8427  -14.7020  -14.7011   -5.4306   -4.9496   -4.5977   -4.5394   -4.5358   -4.3257   -4.3014   -4.1106   -4.0077   -3.3949   -2.9958   -2.9686   -2.7266   -2.5969   -2.4065   -2.3488   -2.0168   -1.9504   -1.2357   -1.0348   -0.9884   -0.7773   -0.6869   -0.5913    0.9764    0.9922    1.0910    1.2140    5.7102    6.1170    6.6711    7.0453    7.1286    7.5151    7.7014    7.7224    7.9066    7.9214    8.2772    8.4753    8.8989    9.0522    9.1249    9.2217    9.3200    9.4259    9.4640    9.7042    9.7534    9.9708   10.0938   10.1544   10.3368   10.4400   10.4716   10.5308   10.6110   10.6821
  3.2726  -15.6244  -14.9465  -14.8679  -14.8446  -14.6984  -14.6977   -5.4390   -4.9558   -4.5896   -4.5473   -4.5280   -4.3510   -4.2793   -4.1256   -4.0417   -3.3862   -3.0244   -3.0147   -2.6745   -2.5250   -2.4059   -2.3264   -2.0183   -1.9649   -1.2362   -1.0340   -0.9825   -0.7852   -0.6885   -0.6102    0.9750    0.9932    1.1054    1.2234    5.6129    6.0569    6.5901    7.0545    7.1011    7.4013    7.6513    7.8242    7.9198    8.0268    8.3580    8.5013    8.9608    9.1495    9.1860    9.2731    9.3563    9.4616    9.5355    9.7249    9.7984   10.0505   10.1514   10.2105   10.3674   10.4558   10.5245   10.5732   10.6172   10.6694
  3.3045  -15.6447  -14.9235  -14.8720  -14.8441  -14.6956  -14.6943   -5.4473   -4.9614   -4.5822   -4.5502   -4.5197   -4.3805   -4.2576   -4.1370   -4.0698   -3.3800   -3.0647   -3.0637   -2.6268   -2.4486   -2.4009   -2.2953   -2.0186   -1.9809   -1.2428   -1.0292   -0.9777   -0.7936   -0.6920   -0.6300    0.9738    0.9911    1.1254    1.2320    5.5221    6.0022    6.5158    7.0073    7.1281    7.2908    7.5740    7.9394    7.9656    8.1349    8.3640    8.6055    9.0080    9.1902    9.2249    9.2519    9.4738    9.5400    9.6388    9.7190    9.8626   10.1013   10.2327   10.2427   10.3919   10.4619   10.5606   10.5711   10.6459   10.7148
  3.3364  -15.6631  -14.9027  -14.8768  -14.8422  -14.6929  -14.6913   -5.4549   -4.9665   -4.5756   -4.5482   -4.5118   -4.4120   -4.2368   -4.1459   -4.0914   -3.3755   -3.1154   -3.1084   -2.5861   -2.3917   -2.3784   -2.2523   -2.0238   -1.9915   -1.2543   -1.0215   -0.9744   -0.8026   -0.6969   -0.6499    0.9728    0.9877    1.1486    1.2397    5.4387    5.9530    6.4488    6.9602    7.1517    7.1891    7.4952    8.0302    8.0577    8.2448    8.3498    8.7207    9.0342    9.1772    9.2133    9.3154    9.5297    9.6708    9.6998    9.7802    9.9274   10.1315   10.2167   10.3224   10.4237   10.4707   10.5544   10.5869   10.7086   10.7955
  3.3682  -15.6793  -14.8842  -14.8815  -14.8398  -14.6905  -14.6889   -5.4616   -4.9716   -4.5698   -4.5419   -4.5049   -4.4438   -4.2179   -4.1531   -4.1059   -3.3719   -3.1655   -3.1539   -2.5541   -2.3766   -2.3236   -2.1953   -2.0412   -1.9891   -1.2691   -1.0122   -0.9727   -0.8121   -0.7030   -0.6692    0.9720    0.9839    1.1730    1.2464    5.3636    5.9095    6.3897    6.9157    7.0988    7.1704    7.4214    8.1085    8.1755    8.3359    8.3555    8.8114    9.0475    9.1390    9.2111    9.3944    9.5966    9.6719    9.7598    9.8849   10.0457   10.1509   10.1637   10.3811   10.4411   10.5234   10.5487   10.6266   10.7858   10.8876
  3.4001  -15.6932  -14.8859  -14.8681  -14.8373  -14.6883  -14.6870   -5.4670   -4.9764   -4.5648   -4.5325   -4.4997   -4.4739   -4.2021   -4.1594   -4.1130   -3.3689   -3.2128   -3.1977   -2.5314   -2.3563   -2.2824   -2.1305   -2.0652   -1.9794   -1.2854   -1.0028   -0.9726   -0.8217   -0.7098   -0.6871    0.9714    0.9803    1.1971    1.2521    5.2977    5.8719    6.3390    6.8715    7.0277    7.1822    7.3557    8.1907    8.2918    8.3306    8.4654    8.8591    9.0569    9.0994    9.2163    9.4706    9.6231    9.7375    9.7465    9.9077   10.1134   10.1601   10.2541   10.4091   10.4462   10.5423   10.6319   10.6948   10.8656   10.9833
  3.4320  -15.7047  -14.8896  -14.8548  -14.8351  -14.6864  -14.6855   -5.4712   -4.9809   -4.5606   -4.5215   -4.5006   -4.4962   -4.1905   -4.1649   -4.1129   -3.3658   -3.2556   -3.2377   -2.5168   -2.3318   -2.2503   -2.0919   -2.0670   -1.9673   -1.3015   -0.9944   -0.9737   -0.8310   -0.7165   -0.7027    0.9709    0.9772    1.2192    1.2566    5.2421    5.8404    6.2972    6.8265    6.9769    7.1900    7.2995    8.2532    8.3525    8.4063    8.5728    8.8693    9.0450    9.0630    9.2362    9.5401    9.6338    9.7013    9.8390    9.8448   10.1322   10.1601   10.4125   10.4333   10.4859   10.5655   10.7474   10.7892   10.9430   11.0747
  3.4638  -15.7138  -14.8925  -14.8442  -14.8331  -14.6849  -14.6844   -5.4742   -4.9847   -4.5573   -4.5241   -4.5092   -4.4941   -4.1832   -4.1697   -4.1075   -3.3622   -3.2918   -3.2725   -2.5082   -2.3047   -2.2249   -2.1195   -2.0122   -1.9552   -1.3157   -0.9879   -0.9758   -0.8392   -0.7227   -0.7153    0.9705    0.9748    1.2381    1.2601    5.1978    5.8154    6.2644    6.7840    6.9444    7.1948    7.2543    8.2695    8.4291    8.5110    8.6740    8.8627    9.0097    9.0196    9.2674    9.5956    9.6433    9.6564    9.7456    9.9539   10.1441   10.1532   10.4412   10.4712   10.5247   10.7300   10.8616   10.8993   11.0127   11.1542
  3.4957  -15.7203  -14.8947  -14.8366  -14.8317  -14.6838  -14.6836   -5.4762   -4.9877   -4.5550   -4.5405   -4.5005   -4.4925   -4.1792   -4.1734   -4.1004   -3.3573   -3.3195   -3.3010   -2.5035   -2.2768   -2.2062   -2.1474   -1.9702   -1.9449   -1.3269   -0.9835   -0.9779   -0.8456   -0.7276   -0.7246    0.9702    0.9731    1.2525    1.2626    5.1654    5.7972    6.2409    6.7494    6.9251    7.1977    7.2209    8.2697    8.5257    8.6001    8.7629    8.8520    8.9361    8.9981    9.2947    9.5833    9.6070    9.6830    9.6913   10.0487   10.1417   10.1437   10.4476   10.5109   10.5382   10.9287   10.9680   11.0058   11.0674   11.2241
  3.5276  -15.7242  -14.8960  -14.8320  -14.8308  -14.6832  -14.6832   -5.4773   -4.9896   -4.5543   -4.5501   -4.4961   -4.4900   -4.1781   -4.1749   -4.0947   -3.3502   -3.3370   -3.3228   -2.5012   -2.2506   -2.1946   -2.1733   -1.9439   -1.9379   -1.3339   -0.9811   -0.9796   -0.8496   -0.7311   -0.7299    0.9699    0.9721    1.2615    1.2640    5.1458    5.7862    6.2267    6.7272    6.9151    7.1991    7.2005    8.2681    8.6234    8.6624    8.8266    8.8338    8.8633    8.9844    9.3117    9.5404    9.5525    9.7014    9.7099   10.1136   10.1348   10.1357   10.4486   10.5401   10.5506   11.0499   11.0570   11.0887   11.1054   11.3426
  3.5595  -15.7255  -14.8965  -14.8307  -14.8303  -14.6830  -14.6829   -5.4777   -4.9903   -4.5558   -4.5516   -4.4954   -4.4884   -4.1784   -4.1748   -4.0925   -3.3440   -3.3406   -3.3365   -2.5005   -2.2359   -2.1918   -2.1867   -1.9365   -1.9339   -1.3364   -0.9805   -0.9801   -0.8510   -0.7326   -0.7313    0.9698    0.9718    1.2645    1.2646    5.1392    5.7825    6.2220    6.7196    6.9120    7.1936    7.1996    8.2674    8.6825    8.6919    8.7811    8.8467    8.8563    8.9796    9.3173    9.5240    9.5269    9.7103    9.7190   10.1298   10.1324   10.1388   10.4483   10.5502   10.5565   11.0815   11.0830   11.1242   11.1247   11.5024
  3.5595  -15.7255  -14.8965  -14.8307  -14.8303  -14.6830  -14.6829   -5.4777   -4.9903   -4.5558   -4.5516   -4.4954   -4.4884   -4.1784   -4.1748   -4.0925   -3.3440   -3.3406   -3.3365   -2.5005   -2.2359   -2.1918   -2.1867   -1.9365   -1.9339   -1.3364   -0.9805   -0.9801   -0.8510   -0.7326   -0.7313    0.9698    0.9718    1.2645    1.2646    5.1392    5.7825    6.2220    6.7196    6.9120    7.1936    7.1996    8.2674    8.6825    8.6919    8.7811    8.8467    8.8563    8.9796    9.3173    9.5240    9.5269    9.7103    9.7190   10.1298   10.1324   10.1388   10.4483   10.5502   10.5565   11.0815   11.0830   11.1242   11.1247   11.5024
  3.6132  -15.7216  -14.8951  -14.8349  -14.8316  -14.6836  -14.6834   -5.4766   -4.9883   -4.5532   -4.5452   -4.4955   -4.4953   -4.1770   -4.1758   -4.0985   -3.3549   -3.3263   -3.3073   -2.5026   -2.2688   -2.2035   -2.1541   -1.9604   -1.9437   -1.3293   -0.9825   -0.9785   -0.8469   -0.7280   -0.7271    0.9699    0.9729    1.2555    1.2631    5.1589    5.7940    6.2343    6.7443    6.9264    7.1982    7.2064    8.2754    8.5517    8.6225    8.7756    8.8617    8.9073    8.9884    9.2994    9.5718    9.5923    9.6903    9.6919   10.0729   10.1264   10.1522   10.4529   10.5201   10.5420   10.9859   10.9912   11.0466   11.0530   11.2514
  3.6670  -15.7099  -14.8913  -14.8485  -14.8342  -14.6855  -14.6849   -5.4730   -4.9830   -4.5581   -4.5151   -4.5130   -4.4961   -4.1839   -4.1712   -4.1094   -3.3631   -3.2770   -3.2568   -2.5117   -2.3172   -2.2355   -2.1094   -2.0296   -1.9654   -1.3096   -0.9880   -0.9771   -0.8356   -0.7179   -0.7118    0.9703    0.9762    1.2295    1.2590    5.2168    5.8281    6.2710    6.8159    6.9694    7.1930    7.2455    8.2833    8.3797    8.4956    8.6131    8.8719    9.0126    9.0281    9.2442    9.5936    9.6222    9.6875    9.7786    9.9102   10.1207   10.1796   10.4224   10.4611   10.5319   10.7158   10.7422   10.8585   10.8943   11.0981
  3.7208  -15.6906  -14.8851  -14.8704  -14.8385  -14.6886  -14.6874   -5.4657   -4.9755   -4.5682   -4.5324   -4.5004   -4.4682   -4.1964   -4.1771   -4.1020   -3.3683   -3.2057   -3.1888   -2.5385   -2.3629   -2.2798   -2.1410   -2.0488   -2.0013   -1.2816   -0.9954   -0.9808   -0.8199   -0.7017   -0.6902    0.9708    0.9817    1.1909    1.2527    5.3096    5.8828    6.3318    6.9263    7.0398    7.1811    7.3136    8.1393    8.3478    8.3510    8.4544    8.8459    9.0394    9.0564    9.1732    9.5296    9.5624    9.7050    9.8392    9.8948   10.1199   10.1367   10.3070   10.3863   10.4425   10.4593   10.5751   10.6970   10.7475   10.9784
  3.7746  -15.6642  -14.8997  -14.8772  -14.8438  -14.6926  -14.6911   -5.4532   -4.9680   -4.5850   -4.5439   -4.5078   -4.4136   -4.2144   -4.1956   -4.0626   -3.3736   -3.1236   -3.1112   -2.6034   -2.3957   -2.3273   -2.2335   -2.0489   -2.0095   -1.2516   -1.0023   -0.9901   -0.8038   -0.6819   -0.6663    0.9714    0.9891    1.1454    1.2454    5.4320    5.9562    6.4164    7.0609    7.1350    7.1582    7.4146    7.9368    8.2100    8.2424    8.4530    8.7511    8.9093    9.0946    9.1294    9.4185    9.5642    9.5671    9.8838    9.9055    9.9768   10.0941   10.1043   10.2316   10.2426   10.4894   10.5387   10.6190   10.6797   10.8806
  3.8284  -15.6313  -14.9353  -14.8703  -14.8476  -14.6973  -14.6961   -5.4341   -4.9625   -4.6032   -4.5468   -4.5199   -4.3589   -4.2364   -4.2150   -3.9936   -3.3816   -3.0421   -3.0416   -2.7065   -2.4113   -2.3695   -2.3068   -2.1037   -1.9766   -1.2263   -1.0055   -1.0018   -0.7893   -0.6627   -0.6439    0.9718    0.9978    1.0995    1.2383    5.5786    6.0465    6.5238    7.1203    7.1988    7.2499    7.5464    7.7427    8.0813    8.1056    8.5199    8.5773    8.7296    9.0332    9.1710    9.2724    9.4882    9.5223    9.7262    9.7726    9.7839    9.9591   10.0068   10.0913   10.3090   10.4525   10.5169   10.5965   10.7459   10.8126
  3.8821  -15.5925  -14.9760  -14.8712  -14.8433  -14.7025  -14.7022   -5.4072   -4.9602   -4.6182   -4.5427   -4.5351   -4.3113   -4.2597   -4.2310   -3.8955   -3.3979   -3.0307   -2.9720   -2.7834   -2.4151   -2.4009   -2.3597   -2.1588   -1.9571   -1.2124   -1.0106   -1.0010   -0.7768   -0.6476   -0.6262    0.9707    1.0068    1.0597    1.2334    5.7435    6.1521    6.6532    7.0658    7.3034    7.3793    7.5619    7.7121    7.9647    8.0123    8.3592    8.5029    8.6369    8.9418    9.0864    9.2113    9.3825    9.3990    9.5430    9.5490    9.7044    9.8352    9.9287    9.9990   10.3792   10.3890   10.4981   10.6004   10.7360   10.8398
  3.9359  -15.5489  -15.0204  -14.8791  -14.8315  -14.7093  -14.7079   -5.3716   -4.9607   -4.6310   -4.5511   -4.5332   -4.2803   -4.2748   -4.2428   -3.7714   -3.4363   -3.1167   -2.9210   -2.7690   -2.4248   -2.4088   -2.4014   -2.2022   -1.9557   -1.2125   -1.0109   -0.9873   -0.7667   -0.6383   -0.6152    0.9653    1.0145    1.0321    1.2328    5.9219    6.2712    6.8033    6.9972    7.2797    7.5037    7.5173    7.8249    7.8503    8.0062    8.1388    8.3416    8.7040    8.8522    8.8765    9.1419    9.1949    9.2483    9.3673    9.5062    9.6677    9.6916    9.8824    9.9588   10.2962   10.3462   10.5165   10.5178   10.6716   10.7947
  3.9897  -15.5016  -15.0673  -14.8893  -14.8171  -14.7172  -14.7134   -5.3272   -4.9624   -4.6441   -4.5654   -4.5231   -4.2928   -4.2596   -4.2411   -3.6267   -3.5209   -3.2012   -2.8892   -2.7305   -2.4580   -2.4399   -2.3893   -2.2179   -1.9744   -1.2236   -0.9983   -0.9668   -0.7590   -0.6351   -0.6125    0.9536    1.0196    1.0200    1.2381    6.1087    6.4019    6.9207    6.9723    7.1622    7.4842    7.6550    7.7194    7.9282    7.9499    8.0059    8.2461    8.6634    8.7575    8.7996    8.9358    8.9800    9.1832    9.2336    9.4886    9.5704    9.6352    9.9479    9.9483   10.1961   10.2220   10.4103   10.4973   10.6732   10.8086
  4.0435  -15.4520  -15.1154  -14.8998  -14.8018  -14.7255  -14.7187   -5.2745   -4.9642   -4.6606   -4.5761   -4.5195   -4.2919   -4.2648   -4.2271   -3.6477   -3.4675   -3.2401   -2.8691   -2.7080   -2.5119   -2.4805   -2.3553   -2.2040   -2.0108   -1.2398   -0.9723   -0.9438   -0.7537   -0.6373   -0.6188    0.9398    1.0184    1.0214    1.2490    6.2966    6.5422    6.8440    7.0539    7.1563    7.4421    7.5645    7.7605    7.8073    7.9164    8.0547    8.2450    8.4623    8.6979    8.7341    8.7755    8.8818    9.1080    9.1287    9.4205    9.4758    9.6856    9.9486   10.0312   10.1065   10.1612   10.3116   10.4323   10.7036   10.7445
  4.0973  -15.4016  -15.1633  -14.9095  -14.7866  -14.7342  -14.7237   -5.2147   -4.9675   -4.6824   -4.5816   -4.5261   -4.2778   -4.2690   -4.2208   -3.7776   -3.2999   -3.2515   -2.8519   -2.7075   -2.5802   -2.5273   -2.3112   -2.1787   -2.0580   -1.2555   -0.9370   -0.9213   -0.7490   -0.6436   -0.6339    0.9287    1.0203    1.0209    1.2634    6.4689    6.6928    6.7743    6.9809    7.3166    7.4090    7.4377    7.6941    7.6943    7.9510    8.1656    8.2577    8.2813    8.5426    8.5908    8.6523    8.9827    8.9831    9.0773    9.3865    9.4042    9.6804    9.9442    9.9795   10.1675   10.2109   10.2620   10.3961   10.6579   10.7766
  4.1510  -15.3525  -15.2097  -14.9173  -14.7722  -14.7428  -14.7281   -5.1505   -4.9782   -4.7084   -4.5812   -4.5398   -4.2686   -4.2597   -4.2236   -3.8789   -3.2516   -3.1330   -2.8321   -2.7251   -2.6518   -2.5824   -2.2649   -2.1583   -2.1065   -1.2668   -0.9020   -0.9016   -0.7403   -0.6566   -0.6525    0.9216    1.0199    1.0221    1.2774    6.5927    6.7177    6.8567    6.9558    7.2746    7.3288    7.5658    7.5960    7.6103    8.0092    8.1247    8.2410    8.2711    8.4130    8.4295    8.6197    8.8619    9.0053    9.1269    9.3511    9.3729    9.6071    9.8136   10.0666   10.2102   10.2873   10.2978   10.3888   10.7059   10.7765
  4.2048  -15.3066  -15.2535  -14.9221  -14.7597  -14.7512  -14.7314   -5.0854   -5.0073   -4.7293   -4.5742   -4.5557   -4.2602   -4.2499   -4.2340   -3.9333   -3.2485   -2.9935   -2.8059   -2.7554   -2.7039   -2.6454   -2.2259   -2.1503   -2.1443   -1.2721   -0.8874   -0.8806   -0.7203   -0.6843   -0.6622    0.9183    1.0202    1.0217    1.2869    6.6499    6.6789    6.9509    7.0375    7.1684    7.3282    7.4693    7.5121    7.8178    7.9941    8.0425    8.2042    8.2735    8.2953    8.4211    8.6302    8.7492    8.9838    9.2407    9.3090    9.3677    9.5601    9.6838   10.1383   10.2358   10.2697   10.3523   10.4946   10.6535   10.8171
  4.2586  -15.2937  -15.2661  -14.9228  -14.7590  -14.7508  -14.7323   -5.0634   -5.0243   -4.7330   -4.5706   -4.5606   -4.2531   -4.2527   -4.2372   -3.9406   -3.2480   -2.9655   -2.7948   -2.7680   -2.7104   -2.6624   -2.2197   -2.1550   -2.1446   -1.2728   -0.8828   -0.8798   -0.7117   -0.6948   -0.6632    0.9179    1.0187    1.0231    1.2885    6.6604    6.6683    6.9556    7.0876    7.1317    7.3293    7.4491    7.4991    7.8884    7.9399    8.0513    8.1924    8.2605    8.2769    8.4299    8.6491    8.7158    8.9806    9.2720    9.2909    9.3682    9.5634    9.6505   10.1503   10.2490   10.2549   10.3593   10.5437   10.6075   10.8426
  4.3124  -15.3293  -15.2329  -14.9187  -14.7661  -14.7478  -14.7289   -5.1393   -4.9722   -4.7185   -4.5827   -4.5415   -4.2738   -4.2621   -4.1979   -3.9178   -3.2548   -3.0408   -2.8483   -2.7602   -2.7356   -2.5261   -2.2431   -2.1676   -2.1116   -1.2718   -0.8945   -0.8942   -0.7306   -0.6957   -0.6307    0.9193    1.0133    1.0298    1.2803    6.6614    6.6755    6.9370    7.0245    7.1072    7.3366    7.4172    7.6743    7.8044    7.8749    8.1258    8.1520    8.2810    8.3852    8.5146    8.5654    8.8157    9.0070    9.2329    9.2652    9.4452    9.4567    9.8167   10.1565   10.1603   10.2502   10.3268   10.5115   10.5929   10.8275
  4.3662  -15.3595  -15.2078  -14.9101  -14.7722  -14.7482  -14.7238   -5.2199   -4.9321   -4.6939   -4.5900   -4.5191   -4.2989   -4.2708   -4.1350   -3.8830   -3.2686   -3.1497   -2.9208   -2.7801   -2.7043   -2.3825   -2.2696   -2.1773   -2.0741   -1.2730   -0.9234   -0.9173   -0.7368   -0.7053   -0.5900    0.9212    1.0070    1.0408    1.2622    6.6771    6.6800    6.9091    6.9704    7.0429    7.3422    7.4250    7.7380    7.7871    7.8962    8.0969    8.2591    8.3250    8.3829    8.5033    8.7669    8.8784    9.1141    9.1790    9.2330    9.3671    9.5912    9.8995    9.9855   10.1984   10.2665   10.2849   10.5090   10.5137   10.7534
  4.4199  -15.3837  -15.1907  -14.8988  -14.7772  -14.7493  -14.7198   -5.2926   -4.9045   -4.6701   -4.5887   -4.4952   -4.3259   -4.2780   -4.0482   -3.8483   -3.2821   -3.2733   -3.0016   -2.7778   -2.6756   -2.2950   -2.2864   -2.1499   -2.0392   -1.2797   -0.9620   -0.9426   -0.7345   -0.7145   -0.5543    0.9228    1.0011    1.0566    1.2359    6.6830    6.7004    6.8833    6.9210    6.9814    7.3329    7.4724    7.6885    7.7182    8.0975    8.1084    8.3031    8.3824    8.4475    8.4712    8.8781    9.0883    9.0937    9.2122    9.2942    9.3218    9.7222    9.8134    9.9177   10.1135   10.1575   10.3750   10.4805   10.5647   10.7078
  4.4737  -15.4014  -15.1801  -14.8875  -14.7809  -14.7501  -14.7175   -5.3493   -4.8874   -4.6565   -4.5762   -4.4710   -4.3535   -4.2843   -3.9411   -3.8212   -3.4054   -3.2832   -3.0822   -2.7648   -2.6525   -2.3172   -2.2697   -2.0627   -2.0105   -1.2930   -0.9983   -0.9655   -0.7295   -0.7216   -0.5274    0.9233    0.9968    1.0773    1.2041    6.6845    6.7258    6.8656    6.8766    6.9323    7.3160    7.5390    7.6636    7.6669    8.1073    8.2349    8.3699    8.4366    8.4829    8.5246    8.9514    8.9683    9.2305    9.2340    9.3907    9.5538    9.6937    9.7431    9.9269   10.0305   10.0601   10.3149   10.4412   10.5392   10.7395
  4.5275  -15.4121  -15.1746  -14.8793  -14.7831  -14.7505  -14.7165   -5.3851   -4.8784   -4.6521   -4.5604   -4.4475   -4.3795   -4.2893   -3.8199   -3.8055   -3.5405   -3.2627   -3.1566   -2.7517   -2.6374   -2.3332   -2.2740   -1.9914   -1.9858   -1.3090   -1.0232   -0.9816   -0.7262   -0.7254   -0.5107    0.9232    0.9945    1.1024    1.1709    6.6849    6.7497    6.8401    6.8583    6.8984    7.3015    7.5739    7.6358    7.6857    8.1083    8.2527    8.4179    8.5389    8.5483    8.5887    8.8160    8.9874    9.1804    9.3886    9.6030    9.6200    9.6386    9.8324    9.9224    9.9292   10.0319   10.2399   10.4137   10.4841   10.7044
  4.5813  -15.4157  -15.1729  -14.8763  -14.7839  -14.7506  -14.7163   -5.3973   -4.8756   -4.6513   -4.5535   -4.4335   -4.3944   -4.2914   -3.8006   -3.7174   -3.6475   -3.2215   -3.2164   -2.7462   -2.6321   -2.3391   -2.2766   -1.9846   -1.9564   -1.3166   -1.0318   -0.9873   -0.7277   -0.7239   -0.5051    0.9231    0.9937    1.1229    1.1473    6.6850    6.7629    6.8225    6.8581    6.8848    7.2959    7.5767    7.6254    7.7107    8.1051    8.2543    8.4263    8.5580    8.6441    8.6553    8.6873    8.9838    9.1607    9.5558    9.5702    9.6256    9.6679    9.7628    9.8899    9.9738   10.1213   10.3200   10.3554   10.4042   10.5241
