#K-Path     Band-1    Band-2    Band-3    Band-4      ...     Band-n
  0.0000  -15.7174  -14.9263  -14.8592  -14.8587  -14.7078  -14.7078   -5.2417   -4.7220   -4.3579   -4.3538   -4.1946   -4.1868   -4.0543   -3.6805   -3.6766   -3.1074   -2.9409   -2.9376   -2.4580   -2.2394   -2.0071   -2.0017   -1.8627   -1.8601    1.6218    1.6700    1.6702    1.7795    1.9088    1.9096    2.7583    2.7601    2.9112    2.9118    5.2811    5.8132    6.2508    6.9086    7.0653    7.2901    7.8545    8.3538    8.9695    8.9787    8.9974    9.1041    9.1138    9.1279    9.4245    9.5248    9.6046    9.7282    9.7376   10.2901   10.2931   10.4526   10.5168   10.8223   10.8298   11.1478   11.1500   11.1923   11.1928   11.4954
  0.0310  -15.7161  -14.9258  -14.8605  -14.8593  -14.7080  -14.7080   -5.2414   -4.7215   -4.3564   -4.3521   -4.2010   -4.1895   -4.0456   -3.6814   -3.6780   -3.1027   -2.9397   -2.9365   -2.4574   -2.2404   -2.0082   -2.0007   -1.8686   -1.8632    1.6170    1.6711    1.6763    1.7784    1.9084    1.9102    2.7583    2.7602    2.9088    2.9112    5.2871    5.8171    6.2548    6.9155    7.0705    7.2960    7.8529    8.3572    8.9182    8.9344    8.9995    9.0808    9.1126    9.1816    9.4171    9.5539    9.6369    9.7234    9.7315   10.2877   10.2962   10.4282   10.5214   10.8107   10.8181   11.1232   11.1269   11.1571   11.1726   11.3633
  0.0621  -15.7123  -14.9244  -14.8648  -14.8603  -14.7086  -14.7084   -5.2406   -4.7201   -4.3571   -4.3415   -4.2183   -4.1948   -4.0235   -3.6868   -3.6794   -3.0890   -2.9395   -2.9297   -2.4556   -2.2434   -2.0127   -1.9971   -1.8903   -1.8679    1.6070    1.6738    1.6904    1.7753    1.9070    1.9123    2.7584    2.7606    2.9013    2.9100    5.3049    5.8288    6.2669    6.9360    7.0860    7.3141    7.8479    8.3673    8.8214    8.8417    8.9901    9.0218    9.1217    9.2720    9.3943    9.6230    9.6680    9.7118    9.7621   10.2663   10.3055   10.3745   10.5346   10.7772   10.7854   10.9823   11.0474   11.0781   11.1404   11.2741
  0.0931  -15.7060  -14.9222  -14.8721  -14.8618  -14.7096  -14.7092   -5.2391   -4.7180   -4.3593   -4.3234   -4.2408   -4.2018   -3.9942   -3.6971   -3.6802   -3.0677   -2.9395   -2.9177   -2.4530   -2.2482   -2.0220   -1.9910   -1.9247   -1.8746    1.5961    1.6783    1.7060    1.7719    1.9046    1.9156    2.7586    2.7613    2.8894    2.9080    5.3344    5.8481    6.2870    6.9688    7.1119    7.3448    7.8390    8.3834    8.7202    8.7258    8.8977    9.0279    9.1344    9.3364    9.3746    9.6260    9.6980    9.7153    9.8705   10.1888   10.3178   10.3432   10.5553   10.7028   10.7194   10.8122   10.9348   10.9956   11.0823   11.2087
  0.1242  -15.6973  -14.9191  -14.8822  -14.8638  -14.7110  -14.7103   -5.2367   -4.7152   -4.3624   -4.2989   -4.2647   -4.2095   -3.9612   -3.7110   -3.6812   -3.0420   -2.9370   -2.9016   -2.4499   -2.2546   -2.0400   -1.9835   -1.9659   -1.8824    1.5858    1.6841    1.7171    1.7725    1.9014    1.9200    2.7588    2.7624    2.8739    2.9052    5.3749    5.8747    6.3151    7.0120    7.1479    7.3889    7.8252    8.4035    8.5992    8.6252    8.7878    9.0478    9.1430    9.2884    9.4327    9.5719    9.7043    9.7915    9.9943   10.0713   10.3272   10.3328   10.5074   10.5857   10.6213   10.7457   10.8284   10.9220   11.0073   11.1196
  0.1552  -15.6861  -14.9152  -14.8949  -14.8662  -14.7128  -14.7119   -5.2331   -4.7121   -4.3659   -4.2881   -4.2694   -4.2165   -3.9270   -3.7272   -3.6825   -3.0187   -2.9268   -2.8822   -2.4468   -2.2629   -2.0785   -2.0008   -1.9754   -1.8901    1.5762    1.6909    1.7172    1.7829    1.8977    1.9251    2.7592    2.7639    2.8557    2.9016    5.4258    5.9081    6.3510    7.0634    7.1941    7.4472    7.8054    8.4181    8.4712    8.5458    8.6739    9.0738    9.1171    9.2462    9.4693    9.5067    9.7392    9.8478    9.9446   10.1056   10.2921   10.3201   10.3226   10.5257   10.6094   10.7153   10.7251   10.8749   10.9289   11.0429
  0.1862  -15.6727  -14.9108  -14.9102  -14.8689  -14.7149  -14.7139   -5.2283   -4.7087   -4.3700   -4.3100   -4.2376   -4.2197   -3.8943   -3.7430   -3.6841   -3.0065   -2.9015   -2.8603   -2.4438   -2.2737   -2.1419   -2.0220   -1.9677   -1.8961    1.5673    1.6982    1.7077    1.8013    1.8937    1.9310    2.7597    2.7658    2.8360    2.8972    5.4863    5.9481    6.3949    7.1209    7.2502    7.5197    7.7777    8.3437    8.3899    8.5216    8.5596    9.0312    9.1053    9.2463    9.4349    9.4803    9.7834    9.8297    9.8739   10.0830   10.1220   10.3066   10.3286   10.4934   10.6113   10.6226   10.7182   10.8474   10.8567   10.9617
  0.2173  -15.6570  -14.9280  -14.9056  -14.8715  -14.7172  -14.7164   -5.2222   -4.7053   -4.3746   -4.3295   -4.2268   -4.1959   -3.8695   -3.7522   -3.6858   -3.0062   -2.8618   -2.8372   -2.4412   -2.2878   -2.2203   -2.0374   -1.9600   -1.8993    1.5589    1.6932    1.7054    1.8227    1.8899    1.9372    2.7604    2.7681    2.8156    2.8921    5.5557    5.9942    6.4465    7.1828    7.3158    7.6057    7.7408    8.2188    8.3217    8.4466    8.5503    8.9182    9.1417    9.2576    9.3604    9.4720    9.6987    9.8270    9.8623    9.9188   10.0120   10.2834   10.4041   10.4684   10.5636   10.5848   10.7480   10.7972   10.8221   10.8739
  0.2483  -15.6393  -14.9479  -14.9004  -14.8738  -14.7198  -14.7194   -5.2149   -4.7016   -4.3809   -4.3449   -4.2243   -4.1582   -3.8638   -3.7431   -3.6874   -3.0132   -2.8141   -2.8138   -2.4395   -2.3090   -2.3037   -2.0511   -1.9516   -1.8998    1.5508    1.6760    1.7118    1.8447    1.8866    1.9436    2.7614    2.7709    2.7955    2.8862    5.6331    6.0462    6.5057    7.2484    7.3905    7.6937    7.7020    8.0987    8.2475    8.3363    8.5954    8.7993    9.1821    9.2587    9.2857    9.4322    9.5940    9.7225    9.7875    9.9071    9.9209   10.2543   10.3790   10.4621   10.5383   10.5842   10.7232   10.7778   10.7987   10.8273
  0.2794  -15.6196  -14.9698  -14.8959  -14.8748  -14.7231  -14.7223   -5.2067   -4.6977   -4.3901   -4.3544   -4.2177   -4.1196   -3.8785   -3.7144   -3.6885   -3.0250   -2.7915   -2.7627   -2.4399   -2.3989   -2.3252   -2.0639   -1.9412   -1.8987    1.5429    1.6573    1.7169    1.8663    1.8842    1.9501    2.7627    2.7725    2.7782    2.8798    5.7177    6.1038    6.5724    7.3173    7.4730    7.6381    7.7972    7.9925    8.1706    8.2302    8.6477    8.6867    9.2069    9.2306    9.2358    9.3182    9.5293    9.6485    9.6503    9.8458    9.9434   10.2212   10.2825   10.4652   10.4693   10.6006   10.6612   10.7297   10.7629   10.8098
  0.3104  -15.5982  -14.9935  -14.8935  -14.8731  -14.7273  -14.7250   -5.1980   -4.6931   -4.4020   -4.3579   -4.2063   -4.0821   -3.9038   -3.6886   -3.6753   -3.0409   -2.7713   -2.7104   -2.4915   -2.4464   -2.3429   -2.0760   -1.9281   -1.8971    1.5350    1.6378    1.7202    1.8832    1.8866    1.9565    2.7575    2.7645    2.7796    2.8729    5.8087    6.1667    6.6466    7.3897    7.5469    7.5917    7.8117    7.9721    8.0849    8.1344    8.5915    8.7041    9.1338    9.1407    9.2057    9.2695    9.4992    9.5033    9.6239    9.7915    9.9474   10.1801   10.1921   10.3850   10.4194   10.5727   10.6007   10.7152   10.7339   10.7996
  0.3414  -15.5753  -15.0187  -14.8937  -14.8681  -14.7321  -14.7276   -5.1893   -4.6875   -4.4147   -4.3569   -4.1902   -4.0471   -3.9336   -3.6867   -3.6319   -3.0614   -2.7540   -2.6619   -2.5794   -2.4645   -2.3514   -2.0874   -1.9124   -1.8961    1.5272    1.6183    1.7215    1.8835    1.9054    1.9626    2.7414    2.7665    2.7846    2.8656    5.9056    6.2346    6.7280    7.4657    7.4990    7.6700    7.7194    7.9843    7.9914    8.1193    8.5215    8.7617    8.9551    9.0766    9.1455    9.2798    9.3829    9.4867    9.6184    9.7381    9.9345   10.1107   10.1172   10.3144   10.3474   10.5221   10.5544   10.7066   10.7156   10.7790
  0.3725  -15.5512  -15.0449  -14.8955  -14.8611  -14.7376  -14.7302   -5.1811   -4.6807   -4.4268   -4.3527   -4.1700   -4.0160   -3.9654   -3.6818   -3.5865   -3.0880   -2.7400   -2.6792   -2.5980   -2.4952   -2.3484   -2.0980   -1.8970   -1.8944    1.5195    1.5992    1.7209    1.8850    1.9224    1.9684    2.7270    2.7689    2.7905    2.8581    6.0078    6.3072    6.8165    7.4311    7.5450    7.6141    7.7688    7.8728    7.9127    8.2269    8.4769    8.7729    8.8178    9.0183    9.0875    9.1724    9.3850    9.4653    9.6195    9.6915    9.9075   10.0352   10.0396   10.2647   10.2744   10.4713   10.5218   10.6835   10.7043   10.7489
  0.4035  -15.5263  -15.0718  -14.8977  -14.8530  -14.7436  -14.7326   -5.1738   -4.6727   -4.4377   -4.3459   -4.1464   -3.9977   -3.9899   -3.6729   -3.5408   -3.1228   -2.7525   -2.7296   -2.5544   -2.5337   -2.3375   -2.1077   -1.8979   -1.8770    1.5120    1.5812    1.7189    1.8873    1.9373    1.9737    2.7144    2.7718    2.7970    2.8504    6.1148    6.3843    6.9120    7.3642    7.5095    7.6262    7.7287    7.8297    7.8955    8.3492    8.4499    8.5996    8.8628    8.9608    9.0384    9.0451    9.4053    9.4281    9.6217    9.6641    9.8600    9.9720    9.9786   10.1804   10.2518   10.4251   10.4996   10.6378   10.7030   10.7170
  0.4346  -15.5012  -15.0987  -14.8999  -14.8444  -14.7501  -14.7347   -5.1676   -4.6637   -4.4471   -4.3367   -4.1207   -4.0295   -3.9696   -3.6586   -3.4960   -3.1677   -2.8154   -2.7224   -2.5751   -2.5119   -2.3227   -2.1164   -1.9007   -1.8597    1.5050    1.5649    1.7159    1.8900    1.9499    1.9785    2.7038    2.7751    2.8037    2.8428    6.2264    6.4655    7.0142    7.3007    7.4074    7.5977    7.6894    7.7749    8.0090    8.3906    8.4674    8.4788    8.8701    8.8832    8.9652    9.0126    9.3663    9.4035    9.6238    9.6669    9.8006    9.9276    9.9445   10.0991   10.2366   10.3847   10.4852   10.5736   10.6875   10.7105
  0.4656  -15.4766  -15.1249  -14.9019  -14.8356  -14.7570  -14.7365   -5.1627   -4.6545   -4.4549   -4.3257   -4.0947   -4.0598   -3.9551   -3.6380   -3.4538   -3.2229   -2.8632   -2.7184   -2.6154   -2.4744   -2.3067   -2.1242   -1.9044   -1.8440    1.4988    1.5507    1.7127    1.8927    1.9602    1.9826    2.6950    2.7786    2.8102    2.8355    6.3423    6.5503    7.1222    7.2401    7.3076    7.4672    7.6565    7.8303    8.1274    8.2390    8.4668    8.5684    8.7524    8.8680    8.9368    9.0169    9.2801    9.3832    9.6274    9.6908    9.7558    9.8872    9.9348   10.0275   10.2251   10.3493   10.4763   10.4994   10.6622   10.7217
  0.4967  -15.4536  -15.1491  -14.9035  -14.8269  -14.7641  -14.7380   -5.1590   -4.6458   -4.4610   -4.3136   -4.0873   -4.0704   -3.9456   -3.6104   -3.4164   -3.2852   -2.8965   -2.7179   -2.6505   -2.4433   -2.2917   -2.1308   -1.9085   -1.8308    1.4936    1.5392    1.7097    1.8951    1.9681    1.9862    2.6882    2.7825    2.8160    2.8287    6.4622    6.6383    7.1689    7.2096    7.2395    7.3539    7.6024    7.9236    8.0783    8.2473    8.4765    8.5857    8.6921    8.8380    8.9352    9.0219    9.1854    9.3613    9.6337    9.7059    9.7302    9.8615    9.9320    9.9791   10.2170   10.3159   10.4247   10.4717   10.6420   10.7292
  0.5277  -15.4341  -15.1695  -14.9047  -14.8189  -14.7710  -14.7391   -5.1566   -4.6387   -4.4654   -4.3018   -4.1103   -4.0505   -3.9401   -3.5755   -3.3863   -3.3498   -2.9178   -2.7220   -2.6752   -2.4200   -2.2794   -2.1360   -1.9123   -1.8208    1.4896    1.5306    1.7073    1.8969    1.9736    1.9889    2.6833    2.7862    2.8203    2.8230    6.5856    6.7286    7.0809    7.1131    7.2634    7.3701    7.5597    7.9236    8.0243    8.3562    8.4805    8.4972    8.7238    8.8095    8.9559    8.9832    9.1242    9.3497    9.6418    9.6867    9.7181    9.8497    9.9315    9.9742   10.2120   10.2750   10.3655   10.4705   10.6274   10.7274
  0.5587  -15.4206  -15.1836  -14.9055  -14.8124  -14.7767  -14.7398   -5.1552   -4.6340   -4.4681   -4.2928   -4.1262   -4.0373   -3.9373   -3.5344   -3.4110   -3.3665   -2.9295   -2.7298   -2.6867   -2.4054   -2.2713   -2.1394   -1.9149   -1.8146    1.4871    1.5253    1.7057    1.8980    1.9768    1.9906    2.6803    2.7893    2.8181    2.8237    6.7119    6.8197    6.9658    7.0187    7.2263    7.4965    7.5330    7.7747    8.1282    8.3663    8.4278    8.5404    8.7417    8.7881    8.9016    8.9820    9.1108    9.3515    9.6484    9.6500    9.7140    9.8407    9.9314   10.0071   10.2095   10.2220   10.3357   10.4713   10.6186   10.7196
  0.5898  -15.4156  -15.1887  -14.9057  -14.8097  -14.7792  -14.7400   -5.1547   -4.6324   -4.4690   -4.2893   -4.1320   -4.0326   -3.9365   -3.5031   -3.4494   -3.3596   -2.9333   -2.7338   -2.6896   -2.4004   -2.2685   -2.1405   -1.9159   -1.8125    1.4863    1.5236    1.7052    1.8984    1.9778    1.9913    2.6793    2.7906    2.8164    2.8247    6.8353    6.8443    6.8901    6.9472    7.2151    7.5239    7.6277    7.6365    8.2081    8.2827    8.4467    8.5772    8.7462    8.7776    8.8569    8.9930    9.1096    9.3556    9.6317    9.6509    9.7134    9.8370    9.9314   10.0315   10.1916   10.2088   10.3276   10.4720   10.6157   10.7152
  0.5898  -15.4156  -15.1885  -14.9059  -14.8096  -14.7792  -14.7401   -5.1547   -4.6323   -4.4689   -4.2894   -4.1319   -4.0325   -3.9366   -3.5032   -3.4494   -3.3596   -2.9333   -2.7336   -2.6898   -2.4003   -2.2684   -2.1405   -1.9159   -1.8127    1.4863    1.5235    1.7052    1.8983    1.9777    1.9914    2.6794    2.7906    2.8163    2.8246    6.8355    6.8445    6.8902    6.9474    7.2152    7.5241    7.6278    7.6367    8.2082    8.2828    8.4466    8.5774    8.7460    8.7777    8.8569    8.9930    9.1097    9.3557    9.6317    9.6506    9.7134    9.8367    9.9308   10.0315   10.1918   10.2084   10.3273   10.4716   10.6154   10.7152
  0.6208  -15.4206  -15.1834  -14.9057  -14.8123  -14.7767  -14.7399   -5.1552   -4.6339   -4.4681   -4.2929   -4.1261   -4.0371   -3.9374   -3.5345   -3.4110   -3.3665   -2.9295   -2.7296   -2.6869   -2.4053   -2.2712   -2.1393   -1.9150   -1.8148    1.4871    1.5252    1.7058    1.8979    1.9767    1.9908    2.6804    2.7893    2.8180    2.8237    6.7121    6.8198    6.9660    7.0188    7.2264    7.4966    7.5332    7.7748    8.1283    8.3665    8.4277    8.5406    8.7414    8.7882    8.9016    8.9820    9.1109    9.3516    9.6481    9.6500    9.7140    9.8404    9.9308   10.0072   10.2091   10.2221   10.3353   10.4709   10.6186   10.7198
  0.6519  -15.4341  -15.1693  -14.9049  -14.8188  -14.7709  -14.7392   -5.1566   -4.6386   -4.4654   -4.3020   -4.1102   -4.0504   -3.9401   -3.5757   -3.3863   -3.3498   -2.9178   -2.7219   -2.6753   -2.4198   -2.2793   -2.1359   -1.9123   -1.8210    1.4896    1.5305    1.7073    1.8968    1.9735    1.9890    2.6833    2.7862    2.8203    2.8229    6.5858    6.7287    7.0812    7.1132    7.2635    7.3702    7.5599    7.9238    8.0243    8.3562    8.4807    8.4973    8.7235    8.8096    8.9558    8.9832    9.1242    9.3499    9.6415    9.6867    9.7181    9.8493    9.9310    9.9743   10.2116   10.2748   10.3653   10.4702   10.6272   10.7287
  0.6829  -15.4536  -15.1489  -14.9037  -14.8269  -14.7640  -14.7381   -5.1590   -4.6457   -4.4610   -4.3137   -4.0873   -4.0704   -3.9455   -3.6106   -3.4164   -3.2852   -2.8965   -2.7178   -2.6505   -2.4432   -2.2916   -2.1307   -1.9085   -1.8309    1.4936    1.5391    1.7098    1.8950    1.9681    1.9863    2.6882    2.7825    2.8159    2.8287    6.4623    6.6384    7.1692    7.2098    7.2396    7.3539    7.6026    7.9236    8.0785    8.2474    8.4765    8.5858    8.6920    8.8381    8.9352    9.0219    9.1854    9.3614    9.6334    9.7059    9.7301    9.8612    9.9314    9.9791   10.2166   10.3155   10.4248   10.4714   10.6418   10.7291
  0.7139  -15.4766  -15.1247  -14.9021  -14.8356  -14.7569  -14.7366   -5.1627   -4.6544   -4.4549   -4.3258   -4.0947   -4.0598   -3.9550   -3.6382   -3.4539   -3.2228   -2.8632   -2.7185   -2.6154   -2.4742   -2.3067   -2.1241   -1.9044   -1.8441    1.4988    1.5506    1.7128    1.8926    1.9602    1.9827    2.6951    2.7786    2.8101    2.8355    6.3424    6.5504    7.1223    7.2403    7.3077    7.4673    7.6567    7.8304    8.1275    8.2392    8.4668    8.5683    8.7526    8.8681    8.9367    9.0169    9.2801    9.3834    9.6272    9.6908    9.7557    9.8869    9.9342   10.0275   10.2248   10.3489   10.4760   10.4995   10.6620   10.7215
  0.7450  -15.5012  -15.0986  -14.9001  -14.8444  -14.7500  -14.7348   -5.1676   -4.6636   -4.4471   -4.3368   -4.1207   -4.0295   -3.9695   -3.6588   -3.4961   -3.1677   -2.8154   -2.7225   -2.5751   -2.5117   -2.3227   -2.1164   -1.9007   -1.8599    1.5050    1.5648    1.7160    1.8900    1.9499    1.9785    2.7038    2.7750    2.8036    2.8428    6.2265    6.4656    7.0143    7.3009    7.4075    7.5978    7.6895    7.7751    8.0090    8.3908    8.4673    8.4789    8.8702    8.8833    8.9651    9.0126    9.3663    9.4036    9.6236    9.6670    9.8007    9.9273    9.9440   10.0991   10.2363   10.3842   10.4849   10.5737   10.6873   10.7102
  0.7760  -15.5263  -15.0716  -14.8979  -14.8530  -14.7435  -14.7327   -5.1738   -4.6726   -4.4377   -4.3460   -4.1464   -3.9977   -3.9898   -3.6731   -3.5408   -3.1227   -2.7525   -2.7296   -2.5543   -2.5336   -2.3375   -2.1077   -1.8979   -1.8772    1.5120    1.5812    1.7189    1.8873    1.9373    1.9737    2.7145    2.7718    2.7969    2.8504    6.1149    6.3844    6.9121    7.3644    7.5097    7.6262    7.7288    7.8299    7.8955    8.3491    8.4500    8.5999    8.8629    8.9608    9.0384    9.0452    9.4054    9.4281    9.6215    9.6642    9.8600    9.9716    9.9783   10.1804   10.2516   10.4247   10.4994   10.6378   10.7027   10.7167
  0.8071  -15.5512  -15.0448  -14.8957  -14.8611  -14.7375  -14.7303   -5.1811   -4.6806   -4.4268   -4.3529   -4.1700   -4.0158   -3.9653   -3.6821   -3.5866   -3.0879   -2.7401   -2.6792   -2.5979   -2.4951   -2.3483   -2.0980   -1.8970   -1.8946    1.5194    1.5992    1.7209    1.8849    1.9224    1.9684    2.7270    2.7689    2.7905    2.8581    6.0078    6.3073    6.8166    7.4313    7.5451    7.6143    7.7688    7.8729    7.9129    8.2268    8.4770    8.7732    8.8179    9.0182    9.0874    9.1726    9.3850    9.4652    9.6194    9.6916    9.9073   10.0350   10.0393   10.2647   10.2742   10.4708   10.5215   10.6837   10.7039   10.7490
  0.8381  -15.5753  -15.0185  -14.8939  -14.8681  -14.7321  -14.7277   -5.1894   -4.6874   -4.4147   -4.3570   -4.1902   -4.0470   -3.9335   -3.6869   -3.6319   -3.0613   -2.7540   -2.6618   -2.5793   -2.4644   -2.3513   -2.0874   -1.9127   -1.8961    1.5271    1.6182    1.7215    1.8834    1.9055    1.9626    2.7414    2.7664    2.7846    2.8656    5.9056    6.2346    6.7281    7.4657    7.4991    7.6700    7.7195    7.9844    7.9915    8.1193    8.5216    8.7617    8.9554    9.0765    9.1455    9.2799    9.3830    9.4866    9.6183    9.7381    9.9343   10.1105   10.1171   10.3143   10.3474   10.5218   10.5541   10.7068   10.7152   10.7789
  0.8692  -15.5982  -14.9934  -14.8936  -14.8732  -14.7273  -14.7251   -5.1981   -4.6930   -4.4020   -4.3580   -4.2063   -4.0820   -3.9037   -3.6888   -3.6754   -3.0408   -2.7714   -2.7103   -2.4914   -2.4463   -2.3428   -2.0761   -1.9283   -1.8971    1.5350    1.6378    1.7203    1.8831    1.8867    1.9565    2.7575    2.7644    2.7796    2.8729    5.8088    6.1667    6.6466    7.3897    7.5470    7.5918    7.8118    7.9721    8.0850    8.1345    8.5917    8.7042    9.1341    9.1405    9.2056    9.2695    9.4995    9.5032    9.6238    9.7915    9.9473   10.1800   10.1919   10.3849   10.4194   10.5725   10.6004   10.7152   10.7336   10.7996
  0.9002  -15.6196  -14.9697  -14.8959  -14.8749  -14.7231  -14.7223   -5.2067   -4.6976   -4.3900   -4.3546   -4.2176   -4.1196   -3.8785   -3.7144   -3.6887   -3.0249   -2.7916   -2.7626   -2.4399   -2.3988   -2.3251   -2.0639   -1.9414   -1.8987    1.5428    1.6573    1.7170    1.8663    1.8842    1.9501    2.7627    2.7724    2.7783    2.8798    5.7177    6.1038    6.5725    7.3173    7.4730    7.6382    7.7972    7.9926    8.1707    8.2304    8.6477    8.6869    9.2067    9.2306    9.2357    9.3184    9.5294    9.6487    9.6503    9.8457    9.9434   10.2212   10.2824   10.4652   10.4692   10.6005   10.6608   10.7284   10.7624   10.8098
  0.9312  -15.6392  -14.9478  -14.9004  -14.8739  -14.7199  -14.7193   -5.2149   -4.7016   -4.3808   -4.3451   -4.2242   -4.1582   -3.8638   -3.7431   -3.6876   -3.0131   -2.8141   -2.8139   -2.4394   -2.3088   -2.3037   -2.0511   -1.9518   -1.8999    1.5507    1.6760    1.7119    1.8448    1.8865    1.9436    2.7614    2.7709    2.7955    2.8863    5.6331    6.0463    6.5057    7.2484    7.3905    7.6938    7.7020    8.0988    8.2475    8.3364    8.5954    8.7995    9.1821    9.2584    9.2854    9.4324    9.5941    9.7227    9.7877    9.9070    9.9210   10.2544   10.3790   10.4622   10.5381   10.5843   10.7233   10.7791   10.7985   10.8270
  0.9623  -15.6570  -14.9278  -14.9056  -14.8717  -14.7173  -14.7163   -5.2222   -4.7052   -4.3745   -4.3296   -4.2268   -4.1959   -3.8695   -3.7521   -3.6860   -3.0060   -2.8618   -2.8373   -2.4411   -2.2876   -2.2203   -2.0375   -1.9602   -1.8994    1.5588    1.6931    1.7054    1.8227    1.8898    1.9372    2.7604    2.7681    2.8156    2.8921    5.5558    5.9943    6.4465    7.1829    7.3158    7.6057    7.7408    8.2189    8.3217    8.4468    8.5503    8.9185    9.1418    9.2573    9.3601    9.4720    9.6987    9.8273    9.8622    9.9189   10.0122   10.2835   10.4043   10.4686   10.5636   10.5846   10.7481   10.8000   10.8245   10.8866
  0.9933  -15.6727  -14.9107  -14.9100  -14.8690  -14.7150  -14.7138   -5.2283   -4.7087   -4.3699   -4.3102   -4.2376   -4.2196   -3.8944   -3.7429   -3.6842   -3.0063   -2.9014   -2.8605   -2.4437   -2.2735   -2.1418   -2.0220   -1.9678   -1.8962    1.5672    1.6982    1.7077    1.8013    1.8937    1.9310    2.7597    2.7658    2.8360    2.8972    5.4863    5.9481    6.3949    7.1209    7.2502    7.5197    7.7778    8.3438    8.3899    8.5217    8.5597    9.0315    9.1053    9.2460    9.4346    9.4802    9.7835    9.8300    9.8737   10.0833   10.1222   10.3067   10.3289   10.4938   10.6111   10.6224   10.7183   10.8469   10.8558   10.9561
  1.0244  -15.6861  -14.9152  -14.8948  -14.8664  -14.7129  -14.7118   -5.2331   -4.7121   -4.3659   -4.2883   -4.2694   -4.2163   -3.9270   -3.7270   -3.6827   -3.0186   -2.9267   -2.8823   -2.4467   -2.2628   -2.0784   -2.0007   -1.9755   -1.8903    1.5761    1.6909    1.7172    1.7830    1.8977    1.9252    2.7591    2.7639    2.8557    2.9016    5.4258    5.9081    6.3511    7.0634    7.1941    7.4472    7.8054    8.4181    8.4713    8.5458    8.6740    9.0738    9.1173    9.2460    9.4692    9.5064    9.7394    9.8476    9.9448   10.1057   10.2925   10.3205   10.3226   10.5260   10.6092   10.7154   10.7249   10.8745   10.9286   11.0407
  1.0554  -15.6973  -14.9191  -14.8820  -14.8640  -14.7111  -14.7103   -5.2367   -4.7152   -4.3623   -4.2990   -4.2648   -4.2093   -3.9613   -3.7109   -3.6814   -3.0420   -2.9369   -2.9018   -2.4499   -2.2545   -2.0400   -1.9835   -1.9658   -1.8826    1.5857    1.6841    1.7171    1.7726    1.9014    1.9200    2.7588    2.7625    2.8739    2.9052    5.3749    5.8747    6.3151    7.0120    7.1480    7.3889    7.8253    8.4035    8.5993    8.6253    8.7879    9.0478    9.1429    9.2884    9.4326    9.5716    9.7046    9.7913    9.9944   10.0715   10.3275   10.3327   10.5078   10.5856   10.6214   10.7458   10.8282   10.9217   11.0069   11.1191
  1.0865  -15.7060  -14.9222  -14.8719  -14.8620  -14.7097  -14.7091   -5.2391   -4.7180   -4.3592   -4.3234   -4.2410   -4.2016   -3.9942   -3.6970   -3.6804   -3.0676   -2.9393   -2.9179   -2.4530   -2.2481   -2.0221   -1.9909   -1.9245   -1.8748    1.5961    1.6783    1.7060    1.7719    1.9045    1.9156    2.7586    2.7614    2.8894    2.9080    5.3344    5.8481    6.2870    6.9688    7.1119    7.3448    7.8390    8.3834    8.7203    8.7258    8.8979    9.0280    9.1341    9.3365    9.3745    9.6257    9.6983    9.7152    9.8705   10.1891   10.3180   10.3430   10.5553   10.7032   10.7193   10.8125   10.9347   10.9955   11.0816   11.1997
  1.1175  -15.7123  -14.9244  -14.8647  -14.8604  -14.7087  -14.7084   -5.2406   -4.7201   -4.3570   -4.3416   -4.2185   -4.1946   -4.0235   -3.6866   -3.6796   -3.0889   -2.9393   -2.9299   -2.4556   -2.2434   -2.0128   -1.9970   -1.8901   -1.8681    1.6070    1.6739    1.6903    1.7753    1.9069    1.9123    2.7584    2.7606    2.9013    2.9101    5.3049    5.8288    6.2669    6.9360    7.0860    7.3141    7.8479    8.3673    8.8215    8.8416    8.9903    9.0219    9.1214    9.2720    9.3943    9.6228    9.6680    9.7120    9.7620   10.2665   10.3056   10.3743   10.5346   10.7774   10.7852   10.9827   11.0474   11.0782   11.1403   11.2744
  1.1485  -15.7161  -14.9258  -14.8603  -14.8595  -14.7081  -14.7079   -5.2414   -4.7215   -4.3563   -4.3522   -4.2011   -4.1894   -4.0456   -3.6813   -3.6781   -3.1027   -2.9396   -2.9366   -2.4574   -2.2404   -2.0082   -2.0007   -1.8684   -1.8635    1.6170    1.6711    1.6763    1.7784    1.9084    1.9102    2.7583    2.7602    2.9088    2.9113    5.2871    5.8171    6.2548    6.9155    7.0705    7.2960    7.8529    8.3572    8.9183    8.9343    8.9995    9.0812    9.1123    9.1816    9.4171    9.5538    9.6369    9.7235    9.7314   10.2878   10.2962   10.4281   10.5214   10.8109   10.8180   11.1233   11.1270   11.1572   11.1725   11.3634
  1.1796  -15.7174  -14.9263  -14.8592  -14.8587  -14.7078  -14.7078   -5.2417   -4.7220   -4.3579   -4.3538   -4.1946   -4.1868   -4.0543   -3.6805   -3.6766   -3.1074   -2.9409   -2.9376   -2.4580   -2.2394   -2.0071   -2.0017   -1.8627   -1.8601    1.6218    1.6700    1.6702    1.7795    1.9088    1.9096    2.7583    2.7601    2.9112    2.9118    5.2811    5.8132    6.2508    6.9086    7.0653    7.2901    7.8545    8.3538    8.9695    8.9787    8.9974    9.1041    9.1138    9.1279    9.4245    9.5248    9.6046    9.7282    9.7376   10.2901   10.2931   10.4526   10.5168   10.8223   10.8298   11.1478   11.1500   11.1923   11.1928   11.4959
  1.1796  -15.7174  -14.9263  -14.8592  -14.8587  -14.7078  -14.7078   -5.2417   -4.7220   -4.3579   -4.3538   -4.1946   -4.1868   -4.0543   -3.6805   -3.6766   -3.1074   -2.9409   -2.9376   -2.4580   -2.2394   -2.0071   -2.0017   -1.8627   -1.8601    1.6218    1.6700    1.6702    1.7795    1.9088    1.9096    2.7583    2.7601    2.9112    2.9118    5.2811    5.8132    6.2508    6.9086    7.0653    7.2901    7.8545    8.3538    8.9695    8.9787    8.9974    9.1041    9.1138    9.1279    9.4245    9.5248    9.6046    9.7282    9.7376   10.2901   10.2931   10.4526   10.5168   10.8223   10.8298   11.1478   11.1500   11.1923   11.1928   11.4959
  1.1868  -15.7174  -14.9263  -14.8592  -14.8587  -14.7078  -14.7078   -5.2417   -4.7220   -4.3579   -4.3538   -4.1946   -4.1868   -4.0542   -3.6805   -3.6766   -3.1074   -2.9409   -2.9376   -2.4580   -2.2394   -2.0071   -2.0017   -1.8627   -1.8601    1.6218    1.6700    1.6702    1.7795    1.9088    1.9096    2.7583    2.7601    2.9112    2.9118    5.2811    5.8130    6.2514    6.9064    7.0654    7.2926    7.8545    8.3514    8.9695    8.9787    8.9984    9.1041    9.1138    9.1294    9.4245    9.5248    9.6046    9.7282    9.7376   10.2901   10.2931   10.4526   10.5145   10.8223   10.8298   11.1479   11.1501   11.1923   11.1927   11.4951
  1.1941  -15.7174  -14.9263  -14.8592  -14.8587  -14.7078  -14.7078   -5.2417   -4.7220   -4.3579   -4.3538   -4.1946   -4.1868   -4.0542   -3.6805   -3.6766   -3.1074   -2.9409   -2.9376   -2.4580   -2.2394   -2.0071   -2.0017   -1.8627   -1.8601    1.6218    1.6700    1.6702    1.7795    1.9088    1.9096    2.7583    2.7601    2.9112    2.9118    5.2811    5.8125    6.2533    6.9000    7.0657    7.2999    7.8545    8.3441    8.9695    8.9787    9.0013    9.1041    9.1138    9.1338    9.4245    9.5248    9.6046    9.7282    9.7376   10.2901   10.2931   10.4526   10.5077   10.8223   10.8298   11.1481   11.1503   11.1921   11.1926   11.4930
  1.2013  -15.7174  -14.9263  -14.8592  -14.8587  -14.7078  -14.7078   -5.2417   -4.7220   -4.3579   -4.3538   -4.1946   -4.1868   -4.0542   -3.6805   -3.6766   -3.1074   -2.9409   -2.9375   -2.4580   -2.2394   -2.0071   -2.0017   -1.8627   -1.8601    1.6218    1.6700    1.6702    1.7795    1.9088    1.9096    2.7583    2.7601    2.9112    2.9118    5.2812    5.8116    6.2563    6.8899    7.0662    7.3117    7.8545    8.3323    8.9695    8.9787    9.0055    9.1041    9.1139    9.1414    9.4245    9.5248    9.6045    9.7282    9.7376   10.2901   10.2931   10.4526   10.4967   10.8224   10.8298   11.1484   11.1506   11.1918   11.1923   11.4905
  1.2086  -15.7174  -14.9263  -14.8592  -14.8587  -14.7078  -14.7078   -5.2417   -4.7220   -4.3579   -4.3538   -4.1946   -4.1868   -4.0542   -3.6805   -3.6766   -3.1074   -2.9409   -2.9375   -2.4580   -2.2394   -2.0071   -2.0017   -1.8627   -1.8601    1.6218    1.6700    1.6702    1.7795    1.9088    1.9096    2.7583    2.7601    2.9112    2.9118    5.2813    5.8104    6.2605    6.8769    7.0667    7.3272    7.8545    8.3166    8.9695    8.9787    9.0104    9.1041    9.1139    9.1524    9.4246    9.5248    9.6045    9.7282    9.7376   10.2902   10.2932   10.4527   10.4818   10.8224   10.8298   11.1489   11.1510   11.1914   11.1919   11.4882
  1.2158  -15.7174  -14.9263  -14.8592  -14.8587  -14.7078  -14.7078   -5.2417   -4.7220   -4.3579   -4.3538   -4.1946   -4.1868   -4.0542   -3.6805   -3.6766   -3.1074   -2.9409   -2.9375   -2.4580   -2.2394   -2.0071   -2.0017   -1.8627   -1.8601    1.6218    1.6700    1.6702    1.7795    1.9088    1.9096    2.7583    2.7601    2.9112    2.9118    5.2814    5.8090    6.2657    6.8617    7.0671    7.3459    7.8545    8.2974    8.9695    8.9787    9.0154    9.1041    9.1139    9.1666    9.4246    9.5248    9.6044    9.7282    9.7376   10.2902   10.2932   10.4527   10.4636   10.8224   10.8298   11.1495   11.1515   11.1909   11.1914   11.4853
  1.2231  -15.7174  -14.9263  -14.8592  -14.8587  -14.7078  -14.7078   -5.2417   -4.7220   -4.3579   -4.3538   -4.1946   -4.1868   -4.0542   -3.6805   -3.6766   -3.1074   -2.9409   -2.9376   -2.4580   -2.2394   -2.0071   -2.0017   -1.8627   -1.8601    1.6218    1.6700    1.6702    1.7795    1.9088    1.9096    2.7583    2.7601    2.9112    2.9118    5.2815    5.8074    6.2720    6.8448    7.0676    7.3670    7.8545    8.2754    8.9695    8.9787    9.0200    9.1041    9.1138    9.1840    9.4247    9.5248    9.6044    9.7282    9.7376   10.2902   10.2932   10.4425   10.4528   10.8224   10.8298   11.1502   11.1522   11.1903   11.1907   11.4826
  1.2303  -15.7174  -14.9263  -14.8592  -14.8587  -14.7078  -14.7078   -5.2417   -4.7220   -4.3579   -4.3538   -4.1946   -4.1868   -4.0542   -3.6805   -3.6766   -3.1074   -2.9409   -2.9376   -2.4580   -2.2394   -2.0071   -2.0017   -1.8627   -1.8601    1.6218    1.6700    1.6702    1.7795    1.9088    1.9096    2.7583    2.7601    2.9112    2.9118    5.2817    5.8056    6.2791    6.8269    7.0679    7.3901    7.8545    8.2510    8.9695    8.9787    9.0239    9.1041    9.1138    9.2041    9.4248    9.5248    9.6043    9.7282    9.7376   10.2902   10.2932   10.4191   10.4528   10.8225   10.8299   11.1510   11.1529   11.1896   11.1901   11.4797
  1.2376  -15.7174  -14.9263  -14.8592  -14.8587  -14.7078  -14.7078   -5.2417   -4.7220   -4.3579   -4.3538   -4.1946   -4.1868   -4.0542   -3.6805   -3.6766   -3.1074   -2.9409   -2.9376   -2.4580   -2.2394   -2.0071   -2.0017   -1.8627   -1.8601    1.6218    1.6700    1.6702    1.7795    1.9088    1.9096    2.7583    2.7601    2.9112    2.9118    5.2818    5.8037    6.2870    6.8085    7.0682    7.4146    7.8545    8.2250    8.9695    8.9787    9.0272    9.1041    9.1138    9.2264    9.4249    9.5248    9.6042    9.7282    9.7376   10.2903   10.2933   10.3940   10.4529   10.8225   10.8299   11.1519   11.1537   11.1888   11.1893   11.4773
  1.2448  -15.7174  -14.9263  -14.8592  -14.8587  -14.7078  -14.7078   -5.2417   -4.7220   -4.3579   -4.3538   -4.1946   -4.1868   -4.0542   -3.6805   -3.6766   -3.1074   -2.9409   -2.9376   -2.4580   -2.2394   -2.0071   -2.0017   -1.8627   -1.8601    1.6218    1.6700    1.6702    1.7795    1.9088    1.9096    2.7583    2.7601    2.9112    2.9118    5.2820    5.8018    6.2955    6.7898    7.0685    7.4402    7.8545    8.1977    8.9695    8.9787    9.0299    9.1041    9.1138    9.2502    9.4251    9.5248    9.6041    9.7282    9.7376   10.2903   10.2933   10.3678   10.4529   10.8225   10.8299   11.1529   11.1546   11.1880   11.1884   11.4752
  1.2520  -15.7174  -14.9263  -14.8592  -14.8587  -14.7078  -14.7078   -5.2417   -4.7220   -4.3579   -4.3538   -4.1946   -4.1868   -4.0542   -3.6805   -3.6766   -3.1074   -2.9409   -2.9376   -2.4580   -2.2394   -2.0071   -2.0017   -1.8627   -1.8601    1.6218    1.6700    1.6702    1.7795    1.9088    1.9096    2.7583    2.7601    2.9112    2.9118    5.2822    5.7998    6.3045    6.7714    7.0687    7.4665    7.8545    8.1696    8.9695    8.9787    9.0320    9.1041    9.1138    9.2748    9.4253    9.5248    9.6040    9.7282    9.7376   10.2903   10.2933   10.3411   10.4530   10.8226   10.8299   11.1539   11.1556   11.1870   11.1876   11.4736
  1.2593  -15.7174  -14.9263  -14.8592  -14.8587  -14.7078  -14.7078   -5.2417   -4.7220   -4.3579   -4.3538   -4.1946   -4.1868   -4.0542   -3.6805   -3.6766   -3.1074   -2.9409   -2.9376   -2.4580   -2.2394   -2.0071   -2.0017   -1.8627   -1.8601    1.6218    1.6700    1.6702    1.7795    1.9088    1.9096    2.7583    2.7601    2.9112    2.9118    5.2823    5.7979    6.3138    6.7534    7.0688    7.4930    7.8545    8.1413    8.9695    8.9787    9.0337    9.1041    9.1138    9.2995    9.4256    9.5248    9.6038    9.7282    9.7376   10.2903   10.2934   10.3146   10.4530   10.8226   10.8299   11.1550   11.1565   11.1861   11.1866   11.4705
  1.2665  -15.7174  -14.9263  -14.8592  -14.8587  -14.7078  -14.7078   -5.2417   -4.7220   -4.3579   -4.3538   -4.1946   -4.1868   -4.0542   -3.6805   -3.6766   -3.1074   -2.9409   -2.9376   -2.4580   -2.2394   -2.0071   -2.0017   -1.8627   -1.8601    1.6218    1.6700    1.6702    1.7795    1.9088    1.9096    2.7583    2.7601    2.9112    2.9118    5.2825    5.7962    6.3232    6.7363    7.0689    7.5194    7.8545    8.1131    8.9695    8.9787    9.0350    9.1041    9.1138    9.3237    9.4261    9.5248    9.6036    9.7282    9.7376   10.2883   10.2907   10.2934   10.4531   10.8227   10.8300   11.1561   11.1575   11.1851   11.1857   11.4679
  1.2738  -15.7174  -14.9263  -14.8592  -14.8587  -14.7078  -14.7078   -5.2417   -4.7220   -4.3579   -4.3538   -4.1946   -4.1868   -4.0542   -3.6805   -3.6766   -3.1074   -2.9409   -2.9375   -2.4580   -2.2394   -2.0071   -2.0017   -1.8627   -1.8601    1.6218    1.6700    1.6702    1.7795    1.9088    1.9096    2.7583    2.7601    2.9112    2.9118    5.2826    5.7945    6.3323    6.7203    7.0690    7.5452    7.8545    8.0856    8.9695    8.9787    9.0360    9.1041    9.1138    9.3465    9.4268    9.5248    9.6034    9.7282    9.7376   10.2641   10.2905   10.2934   10.4531   10.8227   10.8300   11.1572   11.1585   11.1841   11.1848   11.4687
  1.2810  -15.7174  -14.9263  -14.8592  -14.8587  -14.7078  -14.7078   -5.2417   -4.7220   -4.3579   -4.3538   -4.1946   -4.1868   -4.0542   -3.6805   -3.6766   -3.1074   -2.9409   -2.9375   -2.4580   -2.2394   -2.0071   -2.0017   -1.8627   -1.8601    1.6218    1.6700    1.6702    1.7795    1.9088    1.9096    2.7583    2.7601    2.9112    2.9118    5.2828    5.7931    6.3410    6.7057    7.0691    7.5699    7.8545    8.0595    8.9695    8.9787    9.0368    9.1041    9.1138    9.3671    9.4279    9.5248    9.6031    9.7282    9.7376   10.2417   10.2905   10.2935   10.4532   10.8227   10.8300   11.1582   11.1594   11.1832   11.1839   11.4654
  1.2883  -15.7174  -14.9263  -14.8592  -14.8587  -14.7078  -14.7078   -5.2417   -4.7220   -4.3579   -4.3538   -4.1946   -4.1868   -4.0542   -3.6805   -3.6766   -3.1074   -2.9409   -2.9375   -2.4580   -2.2394   -2.0071   -2.0017   -1.8627   -1.8601    1.6218    1.6700    1.6702    1.7795    1.9088    1.9096    2.7583    2.7601    2.9112    2.9118    5.2829    5.7918    6.3489    6.6931    7.0692    7.5925    7.8546    8.0355    8.9695    8.9787    9.0375    9.1041    9.1138    9.3844    9.4297    9.5248    9.6028    9.7282    9.7376   10.2219   10.2905   10.2935   10.4532   10.8228   10.8300   11.1592   11.1603   11.1823   11.1830   11.4632
  1.2955  -15.7174  -14.9263  -14.8592  -14.8587  -14.7078  -14.7078   -5.2417   -4.7220   -4.3579   -4.3538   -4.1946   -4.1868   -4.0542   -3.6805   -3.6766   -3.1074   -2.9409   -2.9376   -2.4580   -2.2394   -2.0071   -2.0017   -1.8627   -1.8601    1.6218    1.6700    1.6702    1.7795    1.9088    1.9096    2.7583    2.7601    2.9112    2.9118    5.2830    5.7908    6.3556    6.6826    7.0692    7.6123    7.8546    8.0147    8.9695    8.9787    9.0379    9.1041    9.1138    9.3973    9.4328    9.5248    9.6026    9.7282    9.7376   10.2056   10.2905   10.2935   10.4533   10.8228   10.8300   11.1600   11.1610   11.1816   11.1823   11.4625
  1.3028  -15.7174  -14.9263  -14.8592  -14.8587  -14.7078  -14.7078   -5.2417   -4.7220   -4.3579   -4.3538   -4.1946   -4.1868   -4.0542   -3.6805   -3.6766   -3.1074   -2.9409   -2.9376   -2.4580   -2.2394   -2.0071   -2.0017   -1.8627   -1.8601    1.6218    1.6700    1.6702    1.7795    1.9088    1.9096    2.7583    2.7601    2.9112    2.9118    5.2830    5.7901    6.3607    6.6748    7.0693    7.6279    7.8545    7.9983    8.9695    8.9787    9.0382    9.1041    9.1138    9.4053    9.4367    9.5247    9.6024    9.7282    9.7376   10.1934   10.2905   10.2935   10.4533   10.8228   10.8300   11.1607   11.1616   11.1810   11.1819   11.4641
  1.3100  -15.7174  -14.9263  -14.8592  -14.8587  -14.7078  -14.7078   -5.2417   -4.7219   -4.3579   -4.3538   -4.1946   -4.1868   -4.0542   -3.6805   -3.6766   -3.1074   -2.9409   -2.9375   -2.4580   -2.2394   -2.0071   -2.0017   -1.8627   -1.8601    1.6218    1.6700    1.6702    1.7795    1.9088    1.9096    2.7583    2.7601    2.9112    2.9118    5.2831    5.7897    6.3639    6.6699    7.0693    7.6381    7.8545    7.9877    8.9695    8.9787    9.0384    9.1041    9.1138    9.4092    9.4403    9.5247    9.6022    9.7282    9.7376   10.1859   10.2905   10.2935   10.4533   10.8228   10.8301   11.1611   11.1620   11.1806   11.1814   11.4623
  1.3173  -15.7174  -14.9263  -14.8592  -14.8587  -14.7078  -14.7078   -5.2417   -4.7219   -4.3579   -4.3538   -4.1946   -4.1868   -4.0542   -3.6805   -3.6766   -3.1074   -2.9409   -2.9376   -2.4580   -2.2394   -2.0071   -2.0017   -1.8627   -1.8601    1.6218    1.6700    1.6702    1.7795    1.9088    1.9096    2.7583    2.7601    2.9112    2.9118    5.2831    5.7895    6.3651    6.6683    7.0693    7.6416    7.8545    7.9840    8.9695    8.9787    9.0385    9.1041    9.1138    9.4103    9.4417    9.5247    9.6021    9.7282    9.7376   10.1833   10.2905   10.2935   10.4533   10.8228   10.8301   11.1612   11.1621   11.1805   11.1813   11.4613
  1.3173  -15.4175  -15.1875  -14.9049  -14.8128  -14.7766  -14.7393   -5.1557   -4.6360   -4.4701   -4.2879   -4.1317   -4.0314   -3.9360   -3.4976   -3.4508   -3.3587   -2.9344   -2.7394   -2.6847   -2.4021   -2.2709   -2.1396   -1.9140   -1.8122    1.4856    1.5268    1.7043    1.8997    1.9780    1.9888    2.6774    2.7899    2.8178    2.8259    6.8397    6.8467    6.8814    6.9357    7.2167    7.5085    7.6341    7.6658    8.1814    8.2076    8.4834    8.6803    8.6907    8.7470    8.9447    8.9461    9.2066    9.2712    9.5139    9.5797    9.7717    9.8475    9.9389   10.1591   10.2262   10.2290   10.2742   10.4929   10.6102   10.7944
  1.3715  -15.4141  -15.1890  -14.9080  -14.8120  -14.7764  -14.7396   -5.1440   -4.6396   -4.4674   -4.2928   -4.1405   -4.0290   -3.9336   -3.5482   -3.4638   -3.3009   -2.9444   -2.7235   -2.6713   -2.4105   -2.2639   -2.1382   -1.9165   -1.8241    1.4873    1.5291    1.7038    1.8917    1.9808    1.9881    2.6800    2.7849    2.8161    2.8354    6.8235    6.8495    6.9073    6.9450    7.2061    7.5313    7.6414    7.6748    8.1851    8.2156    8.4124    8.6003    8.6917    8.7342    8.9148    8.9391    9.1876    9.3416    9.5759    9.5796    9.6603    9.7692    9.9384   10.0096   10.2668   10.2870   10.4478   10.5918   10.6305   10.6505
  1.4258  -15.4038  -15.1940  -14.9162  -14.8097  -14.7759  -14.7408   -5.1099   -4.6508   -4.4594   -4.3063   -4.1647   -4.0223   -3.9297   -3.6214   -3.4995   -3.2044   -2.9642   -2.6970   -2.6239   -2.4317   -2.2484   -2.1343   -1.9237   -1.8575    1.4923    1.5352    1.7020    1.8720    1.9863    1.9866    2.6874    2.7774    2.8112    2.8554    6.8037    6.8575    6.9566    6.9720    7.1832    7.5890    7.6631    7.7018    8.1916    8.2371    8.2867    8.4158    8.6627    8.7000    8.8180    8.9110    9.1752    9.3786    9.4987    9.5132    9.7150    9.7855    9.7917   10.0175   10.2664   10.3275   10.4492   10.6360   10.6899   10.7700
  1.4801  -15.3869  -15.2037  -14.9275  -14.8059  -14.7751  -14.7432   -5.0560   -4.6711   -4.4467   -4.3248   -4.2001   -4.0113   -3.9305   -3.6765   -3.5503   -3.1080   -2.9832   -2.6703   -2.5523   -2.4600   -2.2345   -2.1281   -1.9353   -1.9053    1.5003    1.5428    1.6988    1.8476    1.9851    1.9905    2.6979    2.7727    2.8036    2.8779    6.7912    6.8689    7.0125    7.0189    7.1628    7.6635    7.6986    7.7452    8.1466    8.1940    8.2269    8.2639    8.6284    8.6446    8.6758    8.8647    9.0885    9.1844    9.4282    9.6323    9.6707    9.7683    9.8805   10.0174   10.1588   10.4027   10.5603   10.7279   10.7785   10.8013
  1.5343  -15.3638  -15.2195  -14.9389  -14.8007  -14.7743  -14.7472   -4.9872   -4.7023   -4.4308   -4.3432   -4.2419   -3.9961   -3.9383   -3.7063   -3.6070   -3.0220   -2.9984   -2.6394   -2.4917   -2.4750   -2.2358   -2.1198   -1.9527   -1.9506    1.5107    1.5487    1.6943    1.8247    1.9845    1.9925    2.7092    2.7713    2.7945    2.8983    6.7894    6.8797    7.0501    7.0936    7.1648    7.7318    7.7473    7.7885    7.9882    8.0660    8.2384    8.2793    8.4765    8.6270    8.6324    8.7630    8.8830    9.2106    9.3229    9.4974    9.6124    9.8118   10.0445   10.0781   10.1984   10.5091   10.5202   10.8205   10.8631   10.8725
  1.5886  -15.3349  -15.2430  -14.9475  -14.7943  -14.7746  -14.7519   -4.9111   -4.7454   -4.4148   -4.3539   -4.2845   -3.9771   -3.9487   -3.7169   -3.6597   -3.0092   -2.9548   -2.6056   -2.5243   -2.4030   -2.2651   -2.1099   -1.9811   -1.9679    1.5223    1.5491    1.6893    1.8084    1.9854    1.9924    2.7187    2.7726    2.7851    2.9132    6.8026    6.8834    7.0558    7.1808    7.2184    7.6349    7.8079    7.8432    7.9402    8.0178    8.2586    8.2692    8.3051    8.5200    8.6694    8.6900    8.8390    9.1091    9.2502    9.4005    9.5549    9.9162   10.1015   10.1845   10.2483   10.4519   10.6693   10.8691   10.9047   10.9467
  1.6428  -15.3009  -15.2745  -14.9517  -14.7869  -14.7785  -14.7547   -4.8385   -4.7994   -4.4064   -4.3438   -4.3231   -3.9605   -3.9561   -3.7188   -3.6933   -3.0145   -2.9181   -2.5726   -2.5555   -2.3441   -2.3147   -2.1016   -1.9867   -1.9824    1.5334    1.5432    1.6860    1.8013    1.9875    1.9910    2.7237    2.7760    2.7776    2.9203    6.8357    6.8660    7.0454    7.2810    7.3085    7.4187    7.8719    7.8965    7.9969    8.0141    8.0867    8.2698    8.3298    8.3874    8.7337    8.7481    8.8260    8.8915    9.3009    9.3355    9.5417    9.9969   10.0429   10.2875   10.3173   10.3839   10.8141   10.8533   10.8775   10.9010
  1.6971  -15.3132  -15.2625  -14.9510  -14.7876  -14.7787  -14.7540   -4.8609   -4.7806   -4.4059   -4.3548   -4.3081   -3.9630   -3.9586   -3.7196   -3.6829   -3.0131   -2.9276   -2.5839   -2.5446   -2.3542   -2.3030   -2.1034   -1.9849   -1.9819    1.5336    1.5419    1.6872    1.8023    1.9887    1.9898    2.7230    2.7731    2.7811    2.9189    6.8056    6.8920    7.0494    7.1865    7.3958    7.4352    7.8106    7.9169    7.9648    8.0785    8.0908    8.2653    8.3324    8.4259    8.6436    8.7832    8.8537    8.9205    9.2953    9.3602    9.5257    9.9823   10.0679   10.2165   10.3451   10.4088   10.7960   10.8303   10.8452   10.8914
  1.7514  -15.3573  -15.2206  -14.9462  -14.8002  -14.7700  -14.7509   -4.9254   -4.7428   -4.4064   -4.3787   -4.2545   -3.9922   -3.9582   -3.7232   -3.6148   -3.0037   -2.9906   -2.6103   -2.5256   -2.3602   -2.2836   -2.1182   -1.9773   -1.9716    1.5254    1.5467    1.6947    1.8076    1.9857    1.9906    2.7183    2.7711    2.7873    2.9099    6.6947    6.9660    6.9713    7.0950    7.5278    7.5659    7.6103    7.9397    7.9514    8.1491    8.2031    8.2317    8.3640    8.5208    8.5555    8.8074    8.9797    9.0062    9.2827    9.4250    9.5122    9.9395   10.0504   10.1372   10.3701   10.4580   10.7031   10.7480   10.7912   10.9701
  1.8056  -15.4046  -15.1763  -14.9383  -14.8148  -14.7609  -14.7468   -4.9887   -4.7221   -4.4063   -4.3947   -4.1929   -4.0328   -3.9585   -3.7311   -3.5020   -3.0943   -2.9840   -2.6355   -2.5184   -2.3349   -2.2908   -2.1330   -1.9769   -1.9517    1.5233    1.5483    1.7083    1.8137    1.9819    1.9883    2.7131    2.7699    2.7940    2.8961    6.5444    6.7763    7.0703    7.1583    7.3973    7.6791    7.7249    7.9084    7.9953    8.0454    8.2542    8.3657    8.4551    8.4907    8.7144    8.8276    9.0659    9.1222    9.3225    9.4915    9.5130    9.8779    9.9348   10.2049   10.3965   10.4814   10.6054   10.6242   10.7935   10.9549
  1.8599  -15.4531  -15.1307  -14.9285  -14.8304  -14.7519  -14.7419   -5.0473   -4.7117   -4.4054   -4.4032   -4.1469   -4.0563   -3.9648   -3.7419   -3.3649   -3.2184   -2.9493   -2.6600   -2.5267   -2.3219   -2.2922   -2.1397   -1.9800   -1.9338    1.5301    1.5485    1.7258    1.8179    1.9769    1.9812    2.7104    2.7692    2.7995    2.8817    6.3708    6.6052    7.1773    7.1840    7.2796    7.7886    7.8462    7.8924    7.9978    8.0564    8.2101    8.4419    8.5579    8.6386    8.8592    8.8975    9.0661    9.2792    9.4297    9.5220    9.5570    9.7609    9.9488   10.2585   10.4229   10.4393   10.5369   10.5767   10.8536   10.8882
  1.9142  -15.5010  -15.0848  -14.9178  -14.8461  -14.7432  -14.7368   -5.0989   -4.7062   -4.4039   -4.4031   -4.1588   -4.0180   -3.9830   -3.7531   -3.3468   -3.2291   -2.8876   -2.6858   -2.5567   -2.3597   -2.2430   -2.1434   -1.9830   -1.9218    1.5462    1.5488    1.7449    1.8184    1.9684    1.9705    2.7129    2.7691    2.8010    2.8719    6.1895    6.4513    7.0057    7.3073    7.3960    7.6328    7.9731    8.0010    8.0410    8.1383    8.1599    8.4239    8.7687    8.7749    8.8942    9.0868    9.0995    9.4468    9.5283    9.5756    9.6242    9.6896   10.0134   10.2347   10.3725   10.4199   10.6012   10.6430   10.8161   10.9114
  1.9684  -15.5467  -15.0401  -14.9074  -14.8610  -14.7350  -14.7315   -5.1423   -4.7030   -4.3988   -4.3969   -4.1896   -4.0176   -3.9550   -3.7636   -3.4670   -3.1254   -2.7820   -2.7160   -2.6129   -2.3875   -2.1938   -2.1491   -1.9810   -1.9167    1.5501    1.5704    1.7631    1.8140    1.9504    1.9627    2.7223    2.7703    2.7961    2.8705    6.0111    6.3126    6.8395    7.4341    7.4763    7.5551    7.8494    8.0506    8.1000    8.2317    8.3440    8.4233    8.7320    9.0106    9.0225    9.2169    9.3123    9.4791    9.6056    9.6866    9.7098    9.7698   10.0814   10.1461   10.3743   10.4743   10.6784   10.7219   10.7907   10.9407
  2.0227  -15.5888  -14.9977  -14.8990  -14.8734  -14.7277  -14.7263   -5.1769   -4.7018   -4.3923   -4.3822   -4.2142   -4.0686   -3.8913   -3.7776   -3.5679   -3.0627   -2.7522   -2.6987   -2.6295   -2.4007   -2.1560   -2.1487   -1.9703   -1.9187    1.5529    1.5998    1.7773    1.8044    1.9293    1.9538    2.7373    2.7750    2.7872    2.8762    5.8420    6.1887    6.6901    7.3453    7.5568    7.6507    7.7591    7.9576    8.1786    8.3082    8.5534    8.5684    8.6569    9.1588    9.2528    9.3697    9.4416    9.5173    9.7087    9.7707    9.8451    9.9578   10.1129   10.1291   10.3929   10.5231   10.6495   10.8194   10.8248   10.9080
  2.0769  -15.6262  -14.9589  -14.8983  -14.8777  -14.7214  -14.7213   -5.2028   -4.7029   -4.3840   -4.3597   -4.2271   -4.1315   -3.8318   -3.8066   -3.6365   -3.0261   -2.7937   -2.7822   -2.4950   -2.3917   -2.1564   -2.1093   -1.9507   -1.9271    1.5576    1.6307    1.7825    1.7907    1.9101    1.9442    2.7505    2.7781    2.7900    2.8848    5.6869    6.0803    6.5599    7.2291    7.5000    7.6645    7.7751    7.9630    8.2693    8.4022    8.5666    8.7697    8.7931    9.2727    9.2750    9.4724    9.6357    9.6806    9.8392    9.8465   10.0068   10.1341   10.1689   10.1731   10.3900   10.5427   10.6244   10.7873   10.8489   10.9034
  2.1312  -15.6581  -14.9250  -14.9061  -14.8731  -14.7169  -14.7162   -5.2207   -4.7064   -4.3750   -4.3300   -4.2277   -4.1987   -3.8577   -3.7792   -3.6683   -3.0074   -2.8655   -2.8372   -2.4477   -2.3202   -2.1292   -2.0756   -1.9404   -1.9260    1.5651    1.6581    1.7728    1.7762    1.8998    1.9346    2.7560    2.7707    2.8185    2.8936    5.5503    5.9883    6.4506    7.1301    7.3490    7.6132    7.7470    8.1735    8.3879    8.4735    8.5574    8.9759    8.9820    9.1801    9.3644    9.5802    9.7319    9.7901    9.9651   10.0790   10.1088   10.1753   10.2616   10.3380   10.4170   10.5610   10.5984   10.7338   10.8624   10.9769
  2.1855  -15.6836  -14.9144  -14.8971  -14.8675  -14.7131  -14.7123   -5.2320   -4.7114   -4.3666   -4.2945   -4.2611   -4.2183   -3.9193   -3.7357   -3.6784   -3.0149   -2.9232   -2.8781   -2.4468   -2.2687   -2.0529   -2.0475   -1.9544   -1.9012    1.5762    1.6751    1.7485    1.7673    1.8993    1.9254    2.7577    2.7655    2.8520    2.9013    5.4370    5.9140    6.3641    7.0464    7.2225    7.4735    7.8015    8.3773    8.4565    8.5375    8.6901    9.0956    9.1000    9.1711    9.4198    9.6114    9.6962    9.8826   10.0237   10.0473   10.2663   10.3323   10.3876   10.4690   10.5554   10.5891   10.6515   10.7744   10.9214   11.0656
  2.2397  -15.7023  -14.9209  -14.8761  -14.8630  -14.7102  -14.7097   -5.2381   -4.7167   -4.3597   -4.3136   -4.2527   -4.2041   -3.9797   -3.7033   -3.6807   -3.0557   -2.9382   -2.9115   -2.4516   -2.2507   -2.0258   -1.9938   -1.9382   -1.8806    1.5914    1.6776    1.7171    1.7693    1.9034    1.9175    2.7582    2.7623    2.8824    2.9071    5.3519    5.8589    6.3014    6.9766    7.1320    7.3716    7.8334    8.3832    8.6377    8.7083    8.8524    9.0450    9.1312    9.3145    9.3878    9.6457    9.6641    9.7745    9.9116   10.1577   10.2714   10.3822   10.5378   10.6576   10.7166   10.7523   10.8143   10.9493   10.9874   11.1570
  2.2940  -15.7136  -14.9249  -14.8632  -14.8602  -14.7084  -14.7082   -5.2409   -4.7205   -4.3553   -4.3465   -4.2142   -4.1917   -4.0307   -3.6833   -3.6806   -3.0934   -2.9382   -2.9333   -2.4562   -2.2423   -2.0119   -1.9977   -1.8822   -1.8673    1.6098    1.6729    1.6865    1.7762    1.9073    1.9118    2.7583    2.7606    2.9036    2.9106    5.2990    5.8248    6.2635    6.9269    7.0812    7.3104    7.8496    8.3616    8.8433    8.8764    9.0029    9.0277    9.1237    9.2445    9.4020    9.6054    9.6668    9.7163    9.7417   10.2839   10.2939   10.3909   10.5272   10.7889   10.7952   11.0481   11.0589   11.1174   11.1287   11.2771
  2.3483  -15.7174  -14.9263  -14.8592  -14.8587  -14.7078  -14.7078   -5.2417   -4.7220   -4.3579   -4.3538   -4.1946   -4.1868   -4.0543   -3.6805   -3.6766   -3.1074   -2.9409   -2.9376   -2.4580   -2.2394   -2.0071   -2.0017   -1.8627   -1.8601    1.6218    1.6700    1.6702    1.7795    1.9088    1.9096    2.7583    2.7601    2.9112    2.9118    5.2811    5.8132    6.2508    6.9086    7.0653    7.2901    7.8545    8.3538    8.9695    8.9787    8.9974    9.1041    9.1138    9.1279    9.4245    9.5248    9.6046    9.7282    9.7376   10.2901   10.2931   10.4526   10.5168   10.8223   10.8298   11.1478   11.1500   11.1923   11.1928   11.5230
  2.3483  -15.7174  -14.9263  -14.8592  -14.8587  -14.7078  -14.7078   -5.2417   -4.7220   -4.3579   -4.3538   -4.1946   -4.1868   -4.0543   -3.6805   -3.6766   -3.1074   -2.9409   -2.9376   -2.4580   -2.2394   -2.0071   -2.0017   -1.8627   -1.8601    1.6218    1.6700    1.6702    1.7795    1.9088    1.9096    2.7583    2.7601    2.9112    2.9118    5.2811    5.8132    6.2508    6.9086    7.0653    7.2901    7.8545    8.3538    8.9695    8.9787    8.9974    9.1041    9.1138    9.1279    9.4245    9.5248    9.6046    9.7282    9.7376   10.2901   10.2931   10.4526   10.5168   10.8223   10.8298   11.1478   11.1500   11.1923   11.1928   11.5230
  2.3801  -15.7161  -14.9258  -14.8603  -14.8595  -14.7081  -14.7079   -5.2414   -4.7215   -4.3563   -4.3522   -4.2011   -4.1894   -4.0456   -3.6813   -3.6781   -3.1027   -2.9396   -2.9366   -2.4574   -2.2404   -2.0082   -2.0007   -1.8684   -1.8635    1.6170    1.6711    1.6763    1.7784    1.9084    1.9102    2.7583    2.7602    2.9088    2.9113    5.2871    5.8169    6.2555    6.9133    7.0707    7.2985    7.8529    8.3548    8.9180    8.9342    9.0015    9.0813    9.1123    9.1824    9.4171    9.5538    9.6369    9.7235    9.7314   10.2878   10.2962   10.4281   10.5191   10.8110   10.8178   11.1230   11.1273   11.1572   11.1724   11.4224
  2.4120  -15.7123  -14.9244  -14.8647  -14.8604  -14.7087  -14.7084   -5.2406   -4.7201   -4.3570   -4.3416   -4.2185   -4.1946   -4.0235   -3.6866   -3.6796   -3.0889   -2.9393   -2.9299   -2.4556   -2.2434   -2.0128   -1.9970   -1.8901   -1.8681    1.6070    1.6739    1.6903    1.7753    1.9069    1.9123    2.7584    2.7606    2.9013    2.9101    5.3050    5.8281    6.2694    6.9264    7.0881    7.3233    7.8479    8.3577    8.8204    8.8415    8.9932    9.0275    9.1220    9.2739    9.3943    9.6228    9.6680    9.7121    9.7620   10.2665   10.3056   10.3742   10.5258   10.7786   10.7835   10.9801   11.0484   11.0808   11.1389   11.2750
  2.4439  -15.7060  -14.9222  -14.8719  -14.8620  -14.7097  -14.7091   -5.2391   -4.7180   -4.3592   -4.3234   -4.2410   -4.2016   -3.9942   -3.6970   -3.6804   -3.0676   -2.9393   -2.9179   -2.4530   -2.2482   -2.0221   -1.9909   -1.9245   -1.8748    1.5961    1.6783    1.7060    1.7719    1.9045    1.9156    2.7586    2.7614    2.8894    2.9080    5.3345    5.8466    6.2924    6.9458    7.1202    7.3634    7.8390    8.3625    8.7185    8.7251    8.8984    9.0463    9.1355    9.3385    9.3758    9.6256    9.6985    9.7152    9.8705   10.1894   10.3179   10.3426   10.5369   10.6952   10.7230   10.8123   10.9379   10.9985   11.0766   11.2014
  2.4758  -15.6973  -14.9191  -14.8820  -14.8640  -14.7111  -14.7103   -5.2367   -4.7152   -4.3623   -4.2990   -4.2648   -4.2093   -3.9613   -3.7109   -3.6814   -3.0420   -2.9369   -2.9018   -2.4499   -2.2545   -2.0400   -1.9835   -1.9658   -1.8826    1.5857    1.6841    1.7171    1.7726    1.9014    1.9200    2.7588    2.7624    2.8739    2.9052    5.3751    5.8720    6.3246    6.9693    7.1690    7.4175    7.8252    8.3688    8.5996    8.6196    8.7883    9.0798    9.1449    9.2899    9.4359    9.5715    9.7056    9.7913    9.9943   10.0724   10.3258   10.3323   10.4960   10.5553   10.6349   10.7418   10.8311   10.9235   10.9957   11.1113
  2.5076  -15.6861  -14.9152  -14.8948  -14.8664  -14.7129  -14.7118   -5.2331   -4.7121   -4.3659   -4.2883   -4.2694   -4.2163   -3.9270   -3.7270   -3.6827   -3.0186   -2.9267   -2.8823   -2.4467   -2.2628   -2.0784   -2.0007   -1.9755   -1.8903    1.5761    1.6909    1.7172    1.7830    1.8977    1.9252    2.7591    2.7639    2.8557    2.9016    5.4262    5.9040    6.3656    6.9968    7.2346    7.4843    7.8054    8.3740    8.4723    8.5289    8.6744    9.1146    9.1259    9.2498    9.4729    9.5062    9.7427    9.8475    9.9467   10.1040   10.2619   10.3205   10.3448   10.5382   10.5772   10.6954   10.7281   10.8711   10.9096   11.0246
  2.5395  -15.6727  -14.9107  -14.9100  -14.8690  -14.7150  -14.7138   -5.2283   -4.7087   -4.3699   -4.3102   -4.2376   -4.2196   -3.8944   -3.7429   -3.6842   -3.0063   -2.9014   -2.8605   -2.4437   -2.2735   -2.1418   -2.0220   -1.9678   -1.8962    1.5672    1.6982    1.7077    1.8013    1.8937    1.9310    2.7597    2.7658    2.8360    2.8972    5.4870    5.9423    6.4151    7.0291    7.3149    7.5629    7.7778    8.3391    8.3715    8.4621    8.5604    9.0317    9.1711    9.2527    9.4346    9.4834    9.7921    9.8321    9.8737   10.0302   10.1696   10.3056   10.3408   10.4946   10.5928   10.6301   10.6563   10.8193   10.8352   10.9333
  2.5714  -15.6570  -14.9278  -14.9056  -14.8717  -14.7173  -14.7163   -5.2222   -4.7052   -4.3745   -4.3296   -4.2268   -4.1959   -3.8695   -3.7521   -3.6860   -3.0060   -2.8618   -2.8373   -2.4411   -2.2876   -2.2203   -2.0375   -1.9602   -1.8994    1.5588    1.6931    1.7054    1.8227    1.8898    1.9372    2.7604    2.7681    2.8156    2.8921    5.5567    5.9867    6.4728    7.0675    7.4074    7.6515    7.7411    8.2173    8.3178    8.4401    8.4561    8.9190    9.2214    9.2693    9.3600    9.4763    9.7047    9.8165    9.8558    9.8893   10.0848   10.2825   10.4033   10.4633   10.5440   10.6086   10.6434   10.7388   10.7850   10.8518
  2.6033  -15.6392  -14.9477  -14.9004  -14.8739  -14.7198  -14.7193   -5.2149   -4.7016   -4.3808   -4.3451   -4.2242   -4.1581   -3.8638   -3.7431   -3.6876   -3.0131   -2.8141   -2.8139   -2.4394   -2.3087   -2.3037   -2.0511   -1.9518   -1.8999    1.5507    1.6760    1.7119    1.8448    1.8865    1.9436    2.7614    2.7709    2.7955    2.8863    5.6344    6.0369    6.5382    7.1131    7.5091    7.6929    7.7491    8.0974    8.2471    8.3359    8.4666    8.8005    9.2509    9.2780    9.3054    9.4428    9.5764    9.6904    9.8081    9.9119    9.9924   10.2525   10.3742   10.4211   10.5282   10.5987   10.6393   10.6823   10.7551   10.7962
  2.6351  -15.6196  -14.9697  -14.8959  -14.8749  -14.7231  -14.7223   -5.2067   -4.6976   -4.3900   -4.3546   -4.2176   -4.1196   -3.8785   -3.7144   -3.6887   -3.0249   -2.7916   -2.7626   -2.4398   -2.3988   -2.3251   -2.0639   -1.9414   -1.8987    1.5428    1.6573    1.7170    1.8663    1.8842    1.9501    2.7627    2.7724    2.7783    2.8799    5.7194    6.0928    6.6107    7.1666    7.6122    7.6421    7.8406    7.9927    8.1716    8.2299    8.4939    8.6885    9.2034    9.2350    9.3250    9.3515    9.4890    9.6343    9.7167    9.8705    9.9808   10.2007   10.2885   10.3484   10.5202   10.5732   10.6034   10.6742   10.7655   10.7753
  2.6670  -15.5982  -14.9934  -14.8936  -14.8732  -14.7273  -14.7251   -5.1981   -4.6930   -4.4020   -4.3580   -4.2063   -4.0820   -3.9037   -3.6888   -3.6754   -3.0408   -2.7714   -2.7103   -2.4914   -2.4463   -2.3428   -2.0761   -1.9283   -1.8971    1.5350    1.6378    1.7203    1.8831    1.8867    1.9565    2.7575    2.7644    2.7796    2.8729    5.8110    6.1543    6.6897    7.2286    7.5707    7.7283    7.8336    7.9942    8.0882    8.1340    8.5286    8.5941    9.0966    9.1687    9.2016    9.3872    9.4552    9.6018    9.6285    9.8019    9.9896   10.1093   10.2214   10.2837   10.4906   10.5073   10.5870   10.6577   10.7564   10.8102
  2.6989  -15.5753  -15.0185  -14.8939  -14.8681  -14.7321  -14.7277   -5.1894   -4.6874   -4.4147   -4.3570   -4.1902   -4.0470   -3.9335   -3.6869   -3.6319   -3.0613   -2.7541   -2.6618   -2.5793   -2.4644   -2.3513   -2.0874   -1.9127   -1.8961    1.5271    1.6182    1.7215    1.8834    1.9055    1.9626    2.7414    2.7664    2.7846    2.8656    5.9085    6.2210    6.7746    7.2989    7.5036    7.7170    7.8549    7.9812    8.0152    8.1335    8.5249    8.5702    8.9243    9.0930    9.1394    9.3445    9.4559    9.5284    9.6257    9.7354    9.9559   10.0434   10.1440   10.2624   10.4460   10.4496   10.5556   10.6211   10.7449   10.8339
  2.7308  -15.5512  -15.0448  -14.8957  -14.8611  -14.7375  -14.7303   -5.1811   -4.6806   -4.4268   -4.3529   -4.1700   -4.0158   -3.9653   -3.6821   -3.5866   -3.0879   -2.7401   -2.6792   -2.5979   -2.4951   -2.3483   -2.0980   -1.8970   -1.8946    1.5194    1.5992    1.7209    1.8849    1.9224    1.9684    2.7270    2.7689    2.7905    2.8581    6.0113    6.2929    6.8650    7.3737    7.4399    7.6135    7.8619    7.8951    8.0102    8.2400    8.4820    8.6183    8.7423    9.0364    9.0769    9.2363    9.4560    9.4670    9.6275    9.7010    9.8718   10.0386   10.0733   10.2543   10.3937   10.4017   10.5131   10.5775   10.7199   10.8464
  2.7626  -15.5263  -15.0716  -14.8979  -14.8530  -14.7435  -14.7327   -5.1738   -4.6726   -4.4377   -4.3460   -4.1464   -3.9977   -3.9898   -3.6731   -3.5408   -3.1227   -2.7525   -2.7296   -2.5543   -2.5336   -2.3375   -2.1077   -1.8979   -1.8772    1.5120    1.5812    1.7189    1.8872    1.9373    1.9737    2.7145    2.7718    2.7969    2.8504    6.1191    6.3697    6.9604    7.3607    7.4744    7.5088    7.7374    7.8178    8.1186    8.3506    8.4606    8.5661    8.6726    8.9914    9.0146    9.1110    9.3863    9.4375    9.6144    9.7177    9.7915   10.0077   10.0567   10.2447   10.3450   10.3564   10.4564   10.5417   10.6825   10.8492
  2.7945  -15.5012  -15.0986  -14.9001  -14.8444  -14.7500  -14.7348   -5.1676   -4.6636   -4.4471   -4.3368   -4.1207   -4.0295   -3.9695   -3.6588   -3.4961   -3.1677   -2.8154   -2.7225   -2.5751   -2.5117   -2.3227   -2.1164   -1.9007   -1.8599    1.5050    1.5648    1.7160    1.8900    1.9499    1.9785    2.7038    2.7750    2.8036    2.8428    6.2314    6.4510    7.0605    7.2992    7.4060    7.5599    7.6156    7.7390    8.2357    8.3872    8.4426    8.4756    8.7284    8.9207    8.9724    9.0080    9.2910    9.4090    9.6047    9.7179    9.7489    9.9573   10.0799   10.2239   10.3008   10.3171   10.3864   10.5212   10.6435   10.8514
  2.8264  -15.4766  -15.1247  -14.9021  -14.8356  -14.7569  -14.7366   -5.1627   -4.6544   -4.4549   -4.3258   -4.0947   -4.0598   -3.9550   -3.6382   -3.4539   -3.2228   -2.8632   -2.7185   -2.6154   -2.4742   -2.3067   -2.1241   -1.9044   -1.8441    1.4988    1.5506    1.7128    1.8926    1.9602    1.9827    2.6951    2.7786    2.8101    2.8355    6.3479    6.5364    7.1647    7.2387    7.3057    7.4688    7.6597    7.6920    8.2229    8.3556    8.4555    8.5516    8.7700    8.7911    8.9500    8.9819    9.1980    9.3763    9.5961    9.6590    9.7667    9.9164   10.1088   10.1830   10.2658   10.2839   10.3150   10.5172   10.6114   10.8553
  2.8583  -15.4536  -15.1489  -14.9037  -14.8269  -14.7640  -14.7381   -5.1590   -4.6457   -4.4610   -4.3137   -4.0873   -4.0704   -3.9455   -3.6106   -3.4164   -3.2852   -2.8965   -2.7178   -2.6505   -2.4432   -2.2916   -2.1307   -1.9085   -1.8309    1.4936    1.5391    1.7098    1.8950    1.9681    1.9863    2.6882    2.7825    2.8159    2.8287    6.4682    6.6253    7.1724    7.2050    7.2759    7.3536    7.6076    7.8012    8.0695    8.4453    8.4808    8.6185    8.6436    8.7882    8.9254    9.0185    9.1226    9.3429    9.5820    9.6117    9.7736    9.8848   10.1065   10.1475   10.2337   10.2579   10.2733   10.5195   10.5917   10.8453
  2.8901  -15.4341  -15.1693  -14.9049  -14.8188  -14.7709  -14.7392   -5.1566   -4.6386   -4.4654   -4.3020   -4.1102   -4.0504   -3.9401   -3.5757   -3.3863   -3.3498   -2.9178   -2.7219   -2.6753   -2.4198   -2.2793   -2.1359   -1.9123   -1.8210    1.4896    1.5305    1.7073    1.8968    1.9735    1.9890    2.6833    2.7862    2.8203    2.8229    6.5920    6.7171    7.0849    7.1078    7.2711    7.3880    7.5661    7.9215    7.9261    8.4583    8.4998    8.5697    8.6610    8.7832    8.9215    9.0132    9.1251    9.3118    9.5534    9.5883    9.7716    9.8618   10.0311   10.1591   10.2163   10.2390   10.2639   10.5114   10.5925   10.8231
  2.9220  -15.4206  -15.1834  -14.9057  -14.8123  -14.7767  -14.7399   -5.1552   -4.6339   -4.4680   -4.2929   -4.1261   -4.0371   -3.9374   -3.5345   -3.4110   -3.3665   -2.9295   -2.7296   -2.6869   -2.4053   -2.2712   -2.1393   -1.9149   -1.8148    1.4871    1.5252    1.7058    1.8979    1.9767    1.9908    2.6804    2.7893    2.8180    2.8237    6.7184    6.8099    6.9713    7.0117    7.2302    7.4890    7.5571    7.7830    8.0572    8.3399    8.4825    8.6473    8.6792    8.7644    8.9330    8.9694    9.1781    9.2866    9.5270    9.5778    9.7671    9.8468    9.9670   10.1580   10.2175   10.2270   10.2696   10.4954   10.6060   10.7991
  2.9539  -15.4156  -15.1885  -14.9059  -14.8096  -14.7792  -14.7401   -5.1547   -4.6323   -4.4689   -4.2894   -4.1319   -4.0325   -3.9366   -3.5032   -3.4494   -3.3596   -2.9333   -2.7336   -2.6898   -2.4003   -2.2684   -2.1405   -1.9159   -1.8127    1.4863    1.5235    1.7052    1.8983    1.9777    1.9914    2.6794    2.7906    2.8163    2.8246    6.8416    6.8504    6.8826    6.9380    7.2183    7.5094    7.6358    7.6681    8.1825    8.2102    8.4852    8.6824    8.6934    8.7416    8.9438    8.9478    9.2030    9.2752    9.5172    9.5742    9.7652    9.8411    9.9421   10.1561   10.2192   10.2228   10.2746   10.4875   10.6134   10.7887
  2.9539  -15.4156  -15.1887  -14.9057  -14.8097  -14.7792  -14.7400   -5.1547   -4.6324   -4.4690   -4.2893   -4.1320   -4.0326   -3.9365   -3.5031   -3.4494   -3.3596   -2.9333   -2.7338   -2.6896   -2.4004   -2.2685   -2.1405   -1.9159   -1.8125    1.4863    1.5236    1.7051    1.8984    1.9778    1.9913    2.6793    2.7906    2.8164    2.8247    6.8415    6.8502    6.8825    6.9379    7.2182    7.5092    7.6357    7.6679    8.1824    8.2101    8.4852    8.6822    8.6934    8.7419    8.9438    8.9476    9.2031    9.2752    9.5170    9.5745    9.7655    9.8415    9.9419   10.1564   10.2196   10.2231   10.2746   10.4878   10.6133   10.7889
  2.9858  -15.4206  -15.1836  -14.9055  -14.8124  -14.7767  -14.7398   -5.1552   -4.6340   -4.4681   -4.2928   -4.1262   -4.0372   -3.9373   -3.5344   -3.4110   -3.3665   -2.9295   -2.7298   -2.6867   -2.4054   -2.2713   -2.1393   -1.9149   -1.8146    1.4871    1.5253    1.7057    1.8980    1.9768    1.9906    2.6803    2.7893    2.8181    2.8237    6.7182    6.8098    6.9711    7.0116    7.2301    7.4889    7.5570    7.7828    8.0571    8.3397    8.4825    8.6473    8.6791    8.7646    8.9330    8.9693    9.1782    9.2866    9.5269    9.5781    9.7674    9.8472    9.9668   10.1583   10.2179   10.2273   10.2696   10.4957   10.6060   10.7993
  3.0176  -15.4341  -15.1695  -14.9047  -14.8189  -14.7710  -14.7391   -5.1566   -4.6387   -4.4654   -4.3018   -4.1103   -4.0505   -3.9401   -3.5755   -3.3863   -3.3498   -2.9178   -2.7220   -2.6752   -2.4200   -2.2794   -2.1360   -1.9123   -1.8208    1.4896    1.5306    1.7073    1.8969    1.9736    1.9889    2.6833    2.7862    2.8203    2.8230    6.5919    6.7170    7.0846    7.1077    7.2711    7.3879    7.5659    7.9213    7.9260    8.4584    8.4997    8.5697    8.6609    8.7833    8.9216    9.0131    9.1252    9.3117    9.5532    9.5886    9.7719    9.8622   10.0310   10.1593   10.2166   10.2394   10.2641   10.5116   10.5926   10.8232
  3.0495  -15.4536  -15.1491  -14.9035  -14.8269  -14.7641  -14.7380   -5.1590   -4.6458   -4.4610   -4.3136   -4.0873   -4.0704   -3.9456   -3.6104   -3.4164   -3.2852   -2.8965   -2.7179   -2.6505   -2.4433   -2.2917   -2.1308   -1.9085   -1.8308    1.4936    1.5392    1.7097    1.8951    1.9681    1.9862    2.6882    2.7825    2.8160    2.8287    6.4681    6.6253    7.1721    7.2049    7.2758    7.3536    7.6074    7.8012    8.0693    8.4454    8.4807    8.6184    8.6435    8.7883    8.9255    9.0185    9.1226    9.3428    9.5821    9.6118    9.7740    9.8852   10.1065   10.1477   10.2339   10.2583   10.2735   10.5196   10.5918   10.8455
  3.0814  -15.4766  -15.1249  -14.9019  -14.8356  -14.7570  -14.7365   -5.1627   -4.6545   -4.4549   -4.3256   -4.0947   -4.0598   -3.9551   -3.6380   -3.4538   -3.2229   -2.8632   -2.7184   -2.6154   -2.4744   -2.3067   -2.1242   -1.9044   -1.8440    1.4988    1.5507    1.7127    1.8927    1.9602    1.9826    2.6950    2.7787    2.8102    2.8355    6.3478    6.5363    7.1646    7.2385    7.3056    7.4687    7.6595    7.6920    8.2227    8.3556    8.4555    8.5517    8.7700    8.7910    8.9501    8.9819    9.1979    9.3761    9.5963    9.6589    9.7670    9.9168   10.1091   10.1832   10.2660   10.2843   10.3151   10.5173   10.6115   10.8558
  3.1132  -15.5012  -15.0987  -14.8999  -14.8444  -14.7501  -14.7347   -5.1676   -4.6637   -4.4471   -4.3367   -4.1207   -4.0295   -3.9696   -3.6586   -3.4960   -3.1677   -2.8154   -2.7224   -2.5751   -2.5119   -2.3227   -2.1164   -1.9007   -1.8597    1.5050    1.5649    1.7159    1.8900    1.9499    1.9785    2.7038    2.7751    2.8037    2.8428    6.2313    6.4509    7.0604    7.2990    7.4059    7.5599    7.6155    7.7388    8.2356    8.3871    8.4426    8.4756    8.7283    8.9205    8.9726    9.0079    9.2909    9.4088    9.6050    9.7178    9.7492    9.9577   10.0801   10.2241   10.3011   10.3174   10.3863   10.5213   10.6436   10.8517
  3.1451  -15.5263  -15.0718  -14.8977  -14.8530  -14.7436  -14.7326   -5.1738   -4.6727   -4.4377   -4.3459   -4.1464   -3.9977   -3.9899   -3.6729   -3.5408   -3.1228   -2.7525   -2.7296   -2.5544   -2.5337   -2.3375   -2.1077   -1.8979   -1.8770    1.5120    1.5812    1.7189    1.8873    1.9373    1.9737    2.7144    2.7718    2.7970    2.8504    6.1190    6.3696    6.9603    7.3605    7.4744    7.5087    7.7373    7.8176    8.1186    8.3506    8.4606    8.5658    8.6725    8.9915    9.0147    9.1108    9.3862    9.4373    9.6147    9.7180    9.7915   10.0080   10.0570   10.2449   10.3453   10.3567   10.4563   10.5418   10.6825   10.8495
  3.1770  -15.5512  -15.0449  -14.8955  -14.8611  -14.7376  -14.7302   -5.1811   -4.6807   -4.4268   -4.3527   -4.1700   -4.0160   -3.9654   -3.6818   -3.5865   -3.0880   -2.7400   -2.6792   -2.5981   -2.4952   -2.3484   -2.0980   -1.8970   -1.8944    1.5195    1.5992    1.7209    1.8850    1.9224    1.9684    2.7270    2.7689    2.7905    2.8581    6.0112    6.2928    6.8649    7.3736    7.4397    7.6134    7.8617    7.8950    8.0101    8.2400    8.4820    8.6183    8.7421    9.0366    9.0769    9.2360    9.4557    9.4670    9.6277    9.7012    9.8717   10.0388   10.0736   10.2544   10.3940   10.4020   10.5131   10.5775   10.7199   10.8466
  3.2089  -15.5753  -15.0187  -14.8937  -14.8681  -14.7321  -14.7276   -5.1893   -4.6875   -4.4147   -4.3569   -4.1902   -4.0471   -3.9336   -3.6867   -3.6319   -3.0614   -2.7540   -2.6619   -2.5794   -2.4645   -2.3514   -2.0874   -1.9124   -1.8961    1.5272    1.6183    1.7215    1.8835    1.9054    1.9626    2.7414    2.7665    2.7846    2.8656    5.9084    6.2210    6.7746    7.2988    7.5034    7.7169    7.8549    7.9811    8.0150    8.1335    8.5248    8.5701    8.9241    9.0932    9.1395    9.3443    9.4559    9.5283    9.6258    9.7355    9.9558   10.0436   10.1443   10.2625   10.4463   10.4499   10.5557   10.6210   10.7449   10.8340
  3.2407  -15.5982  -14.9935  -14.8935  -14.8731  -14.7273  -14.7250   -5.1980   -4.6931   -4.4020   -4.3579   -4.2063   -4.0821   -3.9038   -3.6886   -3.6753   -3.0409   -2.7713   -2.7104   -2.4915   -2.4464   -2.3429   -2.0760   -1.9280   -1.8971    1.5350    1.6378    1.7202    1.8832    1.8866    1.9565    2.7575    2.7645    2.7796    2.8729    5.8110    6.1542    6.6896    7.2285    7.5706    7.7282    7.8335    7.9942    8.0881    8.1339    8.5285    8.5939    9.0965    9.1686    9.2017    9.3870    9.4552    9.6016    9.6285    9.8020    9.9896   10.1093   10.2216   10.2838   10.4908   10.5076   10.5872   10.6575   10.7565   10.8102
  3.2726  -15.6196  -14.9698  -14.8959  -14.8748  -14.7231  -14.7223   -5.2067   -4.6977   -4.3901   -4.3544   -4.2177   -4.1196   -3.8785   -3.7143   -3.6885   -3.0250   -2.7915   -2.7627   -2.4399   -2.3989   -2.3252   -2.0639   -1.9412   -1.8987    1.5429    1.6573    1.7169    1.8663    1.8843    1.9501    2.7627    2.7725    2.7782    2.8798    5.7194    6.0928    6.6106    7.1666    7.6122    7.6420    7.8406    7.9926    8.1715    8.2298    8.4938    8.6883    9.2036    9.2351    9.3248    9.3514    9.4890    9.6343    9.7164    9.8706    9.9808   10.2006   10.2886   10.3485   10.5203   10.5735   10.6034   10.6741   10.7656   10.7751
  3.3045  -15.6393  -14.9479  -14.9004  -14.8738  -14.7198  -14.7194   -5.2149   -4.7016   -4.3809   -4.3449   -4.2243   -4.1582   -3.8638   -3.7431   -3.6874   -3.0132   -2.8141   -2.8138   -2.4395   -2.3090   -2.3037   -2.0511   -1.9516   -1.8998    1.5508    1.6760    1.7118    1.8447    1.8866    1.9436    2.7614    2.7709    2.7955    2.8862    5.6344    6.0369    6.5382    7.1131    7.5091    7.6928    7.7491    8.0973    8.2470    8.3358    8.4666    8.8002    9.2511    9.2781    9.3056    9.4427    9.5762    9.6903    9.8080    9.9119    9.9923   10.2524   10.3743   10.4212   10.5282   10.5987   10.6395   10.6824   10.7549   10.7964
  3.3364  -15.6570  -14.9280  -14.9056  -14.8715  -14.7172  -14.7164   -5.2222   -4.7052   -4.3746   -4.3295   -4.2268   -4.1959   -3.8695   -3.7522   -3.6858   -3.0062   -2.8618   -2.8372   -2.4412   -2.2878   -2.2203   -2.0374   -1.9600   -1.8993    1.5589    1.6932    1.7054    1.8227    1.8899    1.9372    2.7604    2.7681    2.8156    2.8920    5.5566    5.9867    6.4728    7.0675    7.4073    7.6515    7.7410    8.2172    8.3178    8.4400    8.4560    8.9187    9.2215    9.2696    9.3603    9.4762    9.7047    9.8161    9.8558    9.8893   10.0845   10.2824   10.4032   10.4631   10.5443   10.6087   10.6434   10.7390   10.7850   10.8521
  3.3682  -15.6727  -14.9108  -14.9102  -14.8689  -14.7149  -14.7139   -5.2283   -4.7087   -4.3700   -4.3100   -4.2376   -4.2197   -3.8943   -3.7430   -3.6841   -3.0065   -2.9015   -2.8603   -2.4438   -2.2737   -2.1419   -2.0220   -1.9677   -1.8961    1.5673    1.6982    1.7077    1.8013    1.8937    1.9310    2.7597    2.7658    2.8360    2.8972    5.4869    5.9423    6.4151    7.0291    7.3149    7.5629    7.7778    8.3390    8.3714    8.4621    8.5602    9.0314    9.1711    9.2530    9.4349    9.4834    9.7920    9.8317    9.8738   10.0300   10.1693   10.3055   10.3404   10.4943   10.5931   10.6303   10.6563   10.8195   10.8354   10.9342
  3.4001  -15.6861  -14.9152  -14.8949  -14.8662  -14.7128  -14.7119   -5.2331   -4.7121   -4.3659   -4.2881   -4.2694   -4.2165   -3.9270   -3.7272   -3.6825   -3.0187   -2.9268   -2.8822   -2.4468   -2.2629   -2.0785   -2.0008   -1.9754   -1.8901    1.5762    1.6909    1.7172    1.7829    1.8977    1.9251    2.7592    2.7639    2.8557    2.9016    5.4262    5.9040    6.3656    6.9968    7.2345    7.4843    7.8054    8.3739    8.4722    8.5289    8.6743    9.1145    9.1259    9.2500    9.4730    9.5065    9.7425    9.8477    9.9465   10.1039   10.2616   10.3205   10.3444   10.5379   10.5773   10.6954   10.7282   10.8714   10.9099   11.0248
  3.4320  -15.6973  -14.9191  -14.8822  -14.8638  -14.7110  -14.7103   -5.2367   -4.7152   -4.3624   -4.2989   -4.2647   -4.2095   -3.9612   -3.7110   -3.6812   -3.0420   -2.9370   -2.9016   -2.4499   -2.2546   -2.0400   -1.9835   -1.9659   -1.8824    1.5858    1.6841    1.7171    1.7725    1.9014    1.9200    2.7588    2.7624    2.8739    2.9052    5.3751    5.8719    6.3246    6.9693    7.1690    7.4175    7.8252    8.3688    8.5996    8.6195    8.7882    9.0798    9.1451    9.2898    9.4361    9.5718    9.7054    9.7914    9.9941   10.0722   10.3256   10.3324   10.4957   10.5553   10.6346   10.7418   10.8312   10.9237   10.9959   11.1115
  3.4638  -15.7060  -14.9222  -14.8721  -14.8618  -14.7096  -14.7092   -5.2391   -4.7180   -4.3593   -4.3234   -4.2408   -4.2018   -3.9942   -3.6971   -3.6802   -3.0677   -2.9395   -2.9177   -2.4530   -2.2482   -2.0220   -1.9910   -1.9247   -1.8746    1.5961    1.6783    1.7060    1.7719    1.9046    1.9156    2.7586    2.7613    2.8894    2.9080    5.3345    5.8466    6.2924    6.9458    7.1201    7.3634    7.8390    8.3625    8.7184    8.7250    8.8982    9.0463    9.1358    9.3383    9.3759    9.6260    9.6982    9.7152    9.8704   10.1891   10.3177   10.3428   10.5369   10.6951   10.7227   10.8122   10.9379   10.9986   11.0768   11.2015
  3.4957  -15.7123  -14.9244  -14.8648  -14.8603  -14.7086  -14.7084   -5.2406   -4.7201   -4.3571   -4.3415   -4.2183   -4.1948   -4.0235   -3.6868   -3.6794   -3.0890   -2.9395   -2.9297   -2.4556   -2.2434   -2.0127   -1.9971   -1.8903   -1.8679    1.6070    1.6738    1.6904    1.7753    1.9070    1.9123    2.7584    2.7606    2.9013    2.9100    5.3050    5.8281    6.2693    6.9264    7.0881    7.3233    7.8479    8.3577    8.8203    8.8415    8.9930    9.0275    9.1222    9.2739    9.3943    9.6230    9.6679    9.7118    9.7621   10.2663   10.3055   10.3744   10.5258   10.7785   10.7837   10.9797   11.0484   11.0808   11.1391   11.2750
  3.5276  -15.7161  -14.9258  -14.8605  -14.8593  -14.7080  -14.7080   -5.2414   -4.7215   -4.3564   -4.3521   -4.2010   -4.1895   -4.0456   -3.6814   -3.6780   -3.1027   -2.9397   -2.9365   -2.4574   -2.2404   -2.0082   -2.0007   -1.8686   -1.8632    1.6170    1.6711    1.6763    1.7784    1.9084    1.9102    2.7583    2.7602    2.9088    2.9112    5.2871    5.8169    6.2555    6.9133    7.0707    7.2985    7.8529    8.3548    8.9178    8.9343    9.0015    9.0809    9.1127    9.1824    9.4171    9.5539    9.6369    9.7234    9.7315   10.2878   10.2962   10.4282   10.5191   10.8109   10.8180   11.1229   11.1273   11.1571   11.1725   11.4264
  3.5595  -15.7174  -14.9263  -14.8592  -14.8587  -14.7078  -14.7078   -5.2417   -4.7220   -4.3579   -4.3538   -4.1946   -4.1868   -4.0543   -3.6805   -3.6766   -3.1074   -2.9409   -2.9376   -2.4580   -2.2394   -2.0071   -2.0017   -1.8627   -1.8601    1.6218    1.6700    1.6702    1.7795    1.9088    1.9096    2.7583    2.7601    2.9112    2.9118    5.2811    5.8132    6.2508    6.9086    7.0653    7.2901    7.8545    8.3538    8.9695    8.9787    8.9974    9.1041    9.1138    9.1279    9.4245    9.5248    9.6046    9.7282    9.7376   10.2901   10.2931   10.4526   10.5168   10.8223   10.8298   11.1478   11.1500   11.1923   11.1928   11.5230
  3.5595  -15.7174  -14.9263  -14.8592  -14.8587  -14.7078  -14.7078   -5.2417   -4.7220   -4.3579   -4.3538   -4.1946   -4.1868   -4.0543   -3.6805   -3.6766   -3.1074   -2.9409   -2.9376   -2.4580   -2.2394   -2.0071   -2.0017   -1.8627   -1.8601    1.6218    1.6700    1.6702    1.7795    1.9088    1.9096    2.7583    2.7601    2.9112    2.9118    5.2811    5.8132    6.2508    6.9086    7.0653    7.2901    7.8545    8.3538    8.9695    8.9787    8.9974    9.1041    9.1138    9.1279    9.4245    9.5248    9.6046    9.7282    9.7376   10.2901   10.2931   10.4526   10.5168   10.8223   10.8298   11.1478   11.1500   11.1923   11.1928   11.5230
  3.6132  -15.7136  -14.9249  -14.8632  -14.8602  -14.7084  -14.7082   -5.2409   -4.7205   -4.3553   -4.3465   -4.2142   -4.1917   -4.0307   -3.6833   -3.6806   -3.0934   -2.9382   -2.9333   -2.4562   -2.2423   -2.0119   -1.9977   -1.8822   -1.8673    1.6098    1.6729    1.6864    1.7762    1.9073    1.9118    2.7583    2.7606    2.9036    2.9106    5.2990    5.8249    6.2629    6.9292    7.0809    7.3080    7.8496    8.3640    8.8441    8.8764    8.9977    9.0304    9.1237    9.2438    9.4020    9.6054    9.6669    9.7163    9.7416   10.2838   10.2939   10.3909   10.5297   10.7894   10.7948   11.0534   11.0601   11.1130   11.1223   11.2803
  3.6670  -15.7023  -14.9209  -14.8761  -14.8630  -14.7102  -14.7097   -5.2381   -4.7167   -4.3597   -4.3136   -4.2527   -4.2041   -3.9797   -3.7033   -3.6807   -3.0557   -2.9382   -2.9115   -2.4516   -2.2507   -2.0258   -1.9938   -1.9382   -1.8806    1.5914    1.6776    1.7171    1.7693    1.9034    1.9175    2.7582    2.7623    2.8824    2.9071    5.3518    5.8596    6.2991    6.9876    7.1274    7.3635    7.8334    8.3921    8.6404    8.7083    8.8506    9.0366    9.1312    9.3139    9.3868    9.6463    9.6641    9.7745    9.9113   10.1574   10.2706   10.3824   10.5486   10.6653   10.7114   10.7636   10.7966   10.9541   10.9707   11.1661
  3.7208  -15.6836  -14.9144  -14.8971  -14.8675  -14.7131  -14.7123   -5.2320   -4.7114   -4.3665   -4.2945   -4.2611   -4.2183   -3.9193   -3.7357   -3.6784   -3.0149   -2.9232   -2.8781   -2.4468   -2.2687   -2.0529   -2.0475   -1.9543   -1.9012    1.5762    1.6751    1.7485    1.7673    1.8993    1.9254    2.7577    2.7655    2.8520    2.9013    5.4369    5.9155    6.3591    7.0740    7.2043    7.4599    7.8015    8.3777    8.4805    8.5375    8.6886    9.0798    9.0956    9.1690    9.4187    9.6115    9.6983    9.8831   10.0221   10.0450   10.2705   10.3457   10.4040   10.4475   10.5259   10.5964   10.6604   10.7957   10.9072   11.0799
  3.7746  -15.6581  -14.9250  -14.9061  -14.8731  -14.7169  -14.7162   -5.2207   -4.7064   -4.3750   -4.3300   -4.2277   -4.1987   -3.8577   -3.7792   -3.6683   -3.0074   -2.8655   -2.8372   -2.4477   -2.3202   -2.1292   -2.0756   -1.9404   -1.9260    1.5651    1.6581    1.7728    1.7762    1.8998    1.9346    2.7560    2.7707    2.8185    2.8936    5.5500    5.9908    6.4425    7.1772    7.3104    7.5972    7.7470    8.1714    8.3879    8.5055    8.5672    8.9763    8.9818    9.1391    9.3639    9.5812    9.7323    9.7985    9.9710   10.0727   10.1308   10.1731   10.2253   10.3201   10.3943   10.5913   10.6428   10.7669   10.8595   10.9966
  3.8284  -15.6262  -14.9589  -14.8983  -14.8777  -14.7214  -14.7213   -5.2028   -4.7029   -4.3840   -4.3597   -4.2271   -4.1315   -3.8318   -3.8066   -3.6365   -3.0261   -2.7937   -2.7822   -2.4950   -2.3917   -2.1564   -2.1093   -1.9507   -1.9271    1.5576    1.6307    1.7825    1.7907    1.9101    1.9442    2.7505    2.7781    2.7900    2.8848    5.6864    6.0836    6.5488    7.2907    7.4423    7.6645    7.7621    7.9579    8.2693    8.4059    8.6237    8.7695    8.7927    9.2106    9.2752    9.4801    9.6370    9.6963    9.8196    9.8593    9.9977   10.0626   10.1813   10.1979   10.4110   10.6010   10.6570   10.8056   10.8470   10.9180
  3.8821  -15.5888  -14.9977  -14.8990  -14.8734  -14.7277  -14.7263   -5.1769   -4.7018   -4.3923   -4.3822   -4.2142   -4.0686   -3.8913   -3.7776   -3.5679   -3.0627   -2.7522   -2.6987   -2.6295   -2.4007   -2.1560   -2.1487   -1.9703   -1.9187    1.5529    1.5999    1.7773    1.8044    1.9293    1.9538    2.7373    2.7750    2.7872    2.8762    5.8413    6.1926    6.6771    7.4125    7.5568    7.5874    7.7579    7.9350    8.1785    8.3092    8.5615    8.5678    8.7255    9.1646    9.2699    9.2896    9.4405    9.5115    9.6395    9.7767    9.9054    9.9205   10.1259   10.1613   10.4379   10.5774   10.6405   10.7220   10.8826   10.9068
  3.9359  -15.5467  -15.0401  -14.9074  -14.8610  -14.7350  -14.7315   -5.1423   -4.7031   -4.3988   -4.3969   -4.1896   -4.0176   -3.9550   -3.7636   -3.4670   -3.1254   -2.7820   -2.7160   -2.6129   -2.3874   -2.1938   -2.1491   -1.9810   -1.9167    1.5501    1.5704    1.7631    1.8140    1.9504    1.9627    2.7223    2.7703    2.7961    2.8705    6.0103    6.3166    6.8265    7.4342    7.5229    7.5694    7.7875    8.0302    8.0996    8.2258    8.3434    8.4292    8.8178    9.0355    9.0504    9.1893    9.2763    9.3644    9.5338    9.6747    9.7961    9.8278   10.1356   10.1438   10.4180   10.4767   10.5839   10.6418   10.8530   10.9405
  3.9897  -15.5010  -15.0848  -14.9178  -14.8461  -14.7432  -14.7368   -5.0989   -4.7062   -4.4039   -4.4031   -4.1588   -4.0180   -3.9830   -3.7531   -3.3468   -3.2291   -2.8876   -2.6858   -2.5567   -2.3597   -2.2430   -2.1434   -1.9830   -1.9218    1.5462    1.5488    1.7449    1.8184    1.9684    1.9705    2.7129    2.7691    2.8010    2.8719    6.1886    6.4545    6.9954    7.3073    7.3941    7.6838    7.9483    7.9995    8.0355    8.0886    8.1600    8.4267    8.8043    8.8718    8.9512    8.9950    9.0491    9.3950    9.4034    9.5854    9.7440    9.7540   10.1104   10.2245   10.3286   10.3489   10.5477   10.5840   10.8639   10.9875
  4.0435  -15.4531  -15.1307  -14.9285  -14.8304  -14.7519  -14.7419   -5.0473   -4.7117   -4.4054   -4.4032   -4.1469   -4.0563   -3.9648   -3.7419   -3.3649   -3.2184   -2.9493   -2.6600   -2.5267   -2.3219   -2.2922   -2.1397   -1.9800   -1.9338    1.5301    1.5485    1.7258    1.8179    1.9769    1.9812    2.7104    2.7692    2.7995    2.8817    6.3703    6.6067    7.1752    7.1842    7.2757    7.8088    7.8438    7.8857    8.0396    8.0573    8.1325    8.4241    8.5888    8.7331    8.8425    8.8529    9.0270    9.2574    9.3523    9.5668    9.6777    9.7706   10.0688   10.1683   10.3223   10.3507   10.5093   10.5791   10.9089   10.9317
  4.0973  -15.4046  -15.1763  -14.9383  -14.8148  -14.7609  -14.7468   -4.9887   -4.7221   -4.4063   -4.3947   -4.1929   -4.0328   -3.9585   -3.7311   -3.5020   -3.0943   -2.9840   -2.6355   -2.5184   -2.3349   -2.2908   -2.1330   -1.9769   -1.9517    1.5233    1.5483    1.7083    1.8137    1.9819    1.9883    2.7131    2.7699    2.7940    2.8961    6.5447    6.7754    7.0705    7.1591    7.4001    7.6762    7.7215    7.8863    7.9971    8.0861    8.2509    8.3849    8.3948    8.5680    8.6611    8.7890    9.0900    9.1106    9.2860    9.5942    9.6225    9.7485   10.0383   10.0850   10.3732   10.3808   10.5503   10.6616   10.8537   10.9585
  4.1510  -15.3573  -15.2206  -14.9462  -14.8002  -14.7700  -14.7509   -4.9254   -4.7428   -4.4064   -4.3787   -4.2545   -3.9922   -3.9582   -3.7232   -3.6148   -3.0037   -2.9906   -2.6103   -2.5256   -2.3602   -2.2836   -2.1182   -1.9773   -1.9716    1.5254    1.5467    1.6947    1.8076    1.9857    1.9906    2.7183    2.7711    2.7873    2.9099    6.6954    6.9636    6.9715    7.0950    7.5246    7.5628    7.6270    7.9130    7.9561    8.1495    8.2251    8.3058    8.3272    8.4853    8.5091    8.7399    8.9722    9.1648    9.2503    9.5683    9.5742    9.7105    9.9183   10.1819   10.3954   10.3974   10.7006   10.7762   10.8177   10.9920
  4.2048  -15.3132  -15.2625  -14.9510  -14.7876  -14.7787  -14.7540   -4.8609   -4.7806   -4.4059   -4.3548   -4.3081   -3.9630   -3.9586   -3.7196   -3.6829   -3.0131   -2.9276   -2.5839   -2.5446   -2.3542   -2.3030   -2.1034   -1.9849   -1.9819    1.5336    1.5419    1.6872    1.8023    1.9887    1.9898    2.7230    2.7731    2.7811    2.9189    6.8061    6.8923    7.0511    7.1819    7.3924    7.4297    7.8573    7.9279    7.9333    8.0802    8.1083    8.3016    8.3141    8.3922    8.5110    8.7272    8.8474    9.1870    9.3349    9.4912    9.5092    9.7241    9.8174   10.2782   10.3980   10.4113   10.8264   10.8689   10.8771   10.9633
  4.2586  -15.3009  -15.2745  -14.9517  -14.7869  -14.7785  -14.7547   -4.8385   -4.7994   -4.4064   -4.3438   -4.3231   -3.9605   -3.9561   -3.7188   -3.6933   -3.0145   -2.9181   -2.5726   -2.5555   -2.3441   -2.3147   -2.1016   -1.9867   -1.9824    1.5334    1.5432    1.6860    1.8013    1.9875    1.9910    2.7237    2.7760    2.7776    2.9203    6.8361    6.8663    7.0469    7.2776    7.3037    7.4137    7.9292    7.9292    7.9603    7.9905    8.0986    8.3040    8.3167    8.3671    8.5198    8.7398    8.8133    9.1848    9.3855    9.4440    9.5024    9.7375    9.7915   10.2955   10.3929   10.4180   10.8450   10.8932   10.9016   10.9270
  4.3124  -15.3349  -15.2430  -14.9475  -14.7943  -14.7746  -14.7519   -4.9111   -4.7454   -4.4148   -4.3539   -4.2845   -3.9771   -3.9487   -3.7169   -3.6597   -3.0092   -2.9548   -2.6056   -2.5243   -2.4030   -2.2651   -2.1099   -1.9811   -1.9678    1.5223    1.5491    1.6893    1.8084    1.9854    1.9924    2.7187    2.7726    2.7852    2.9132    6.8030    6.8838    7.0576    7.1779    7.2128    7.6314    7.8559    7.8874    7.9105    7.9532    8.2628    8.2860    8.3497    8.4639    8.5715    8.6542    8.9482    9.2047    9.3292    9.3762    9.6301    9.6742    9.9232   10.2825   10.3017   10.4225   10.7365   10.8238   10.8978   10.8996
  4.3662  -15.3638  -15.2195  -14.9389  -14.8007  -14.7743  -14.7472   -4.9872   -4.7023   -4.4308   -4.3432   -4.2419   -3.9961   -3.9383   -3.7063   -3.6070   -3.0220   -2.9984   -2.6395   -2.4917   -2.4750   -2.2358   -2.1198   -1.9527   -1.9506    1.5107    1.5487    1.6943    1.8247    1.9845    1.9925    2.7092    2.7713    2.7945    2.8983    6.7898    6.8799    7.0527    7.0916    7.1595    7.7388    7.7740    7.7977    7.9723    7.9989    8.2942    8.3180    8.4443    8.5310    8.5983    8.8116    9.0409    9.2686    9.3102    9.3265    9.6182    9.7583   10.0285   10.1404   10.3096   10.4151   10.5783   10.7423   10.8174   10.8536
  4.4199  -15.3869  -15.2036  -14.9275  -14.8059  -14.7751  -14.7432   -5.0560   -4.6711   -4.4467   -4.3248   -4.2001   -4.0113   -3.9304   -3.6765   -3.5503   -3.1080   -2.9832   -2.6703   -2.5523   -2.4600   -2.2345   -2.1280   -1.9353   -1.9053    1.5003    1.5429    1.6988    1.8476    1.9851    1.9905    2.6979    2.7727    2.8036    2.8779    6.7914    6.8679    7.0159    7.0182    7.1588    7.6826    7.7098    7.7267    8.0694    8.1735    8.3234    8.3310    8.5042    8.5860    8.6834    9.0474    9.1127    9.2464    9.3442    9.4501    9.5544    9.8590    9.9568   10.0797   10.2401   10.3847   10.5185   10.7151   10.7696   10.7975
  4.4737  -15.4038  -15.1940  -14.9162  -14.8097  -14.7759  -14.7408   -5.1099   -4.6508   -4.4594   -4.3062   -4.1647   -4.0223   -3.9297   -3.6214   -3.4995   -3.2044   -2.9642   -2.6970   -2.6239   -2.4317   -2.2484   -2.1343   -1.9237   -1.8575    1.4923    1.5352    1.7020    1.8720    1.9863    1.9866    2.6874    2.7774    2.8112    2.8554    6.8031    6.8546    6.9577    6.9778    7.1799    7.6063    7.6634    7.6756    8.1463    8.2801    8.3616    8.4355    8.5573    8.6276    8.8245    9.0599    9.1744    9.3620    9.4669    9.4879    9.6253    9.8108    9.8719   10.0909   10.2049   10.2499   10.4266   10.6765   10.7399   10.8324
  4.5275  -15.4141  -15.1890  -14.9080  -14.8120  -14.7764  -14.7396   -5.1440   -4.6396   -4.4674   -4.2928   -4.1405   -4.0290   -3.9336   -3.5482   -3.4638   -3.3009   -2.9444   -2.7235   -2.6713   -2.4105   -2.2640   -2.1382   -1.9165   -1.8241    1.4872    1.5291    1.7038    1.8917    1.9808    1.9881    2.6800    2.7849    2.8161    2.8354    6.8209    6.8446    6.9112    6.9533    7.2029    7.5467    7.6354    7.6447    8.1942    8.2822    8.4149    8.5564    8.6547    8.7097    8.8767    9.0722    9.0890    9.3845    9.5395    9.6870    9.7005    9.7334    9.9903   10.0391   10.0766   10.2356   10.3594   10.5995   10.7228   10.7324
  4.5813  -15.4175  -15.1875  -14.9049  -14.8128  -14.7766  -14.7394   -5.1557   -4.6360   -4.4701   -4.2879   -4.1317   -4.0314   -3.9360   -3.4976   -3.4508   -3.3587   -2.9344   -2.7394   -2.6847   -2.4021   -2.2709   -2.1396   -1.9140   -1.8122    1.4856    1.5268    1.7043    1.8997    1.9780    1.9888    2.6774    2.7899    2.8178    2.8259    6.8335    6.8409    6.8890    6.9450    7.2134    7.5234    7.6261    7.6344    8.2066    8.2805    8.4460    8.5744    8.7509    8.7741    8.8575    8.9926    9.1097    9.3556    9.6332    9.6564    9.7102    9.8419    9.9407   10.0298   10.1881   10.2158   10.3315   10.4755   10.6220   10.7172
